2579.734329
621.1223225
1270.288062
2428.281809
1622.909078
2700.655684
2379.008258
1748.448737
1668.265272
2559.23161
2000.406668
1032.24168
2374.40871
605.2677043
1478.790542
2352.787542
1759.17045
2537.416829
2578.436394
1678.352685
1489.38133
2683.015726
1912.11413
873.9583278
2793.694077
758.9156035
1058.329279
2576.502654
1449.980398
2904.189709
2214.988142
1777.054104
1879.249209
2392.326291
2044.995702
1166.311146
2595.288689
1217.953955
1513.527976
2942.095364
1372.315327
2977.080635
2831.477799
1101.880316
1905.002685
2227.701151
1362.44395
610.817349
2675.370673
797.9487333
1197.562036
2604.744875
1456.92443
2849.237986
2391.662992
1618.370308
1804.17055
2389.378064
1880.614153
987.7933693
2675.048763
1061.329933
1319.008412
2835.459429
1327.749264
2968.362083
2610.39728
1318.590718
1901.961541
2228.104258
1585.490554
792.8189057
2706.601583
986.8736419
1239.640847
2778.726587
1332.919645
2957.468212
2510.794498
1425.069948
1897.183038
2249.17906
1693.147862
879.6481405
2706.460977
900.4755883
1198.265874
2702.352202
1377.441533
2917.97776
2437.434007
1524.465002
1864.901699
2303.915637
1790.878448
942.9568601
5363.16278
3841.903983
2598.403655
5659.06986
1640.869774
5843.186314
3643.162495
2615.034269
4771.163033
701.3890076
2777.487149
3289.514159
5171.946739
3421.926928
2033.920716
5221.783076
1241.586283
5531.899949
2989.441453
2608.258886
4468.50686
447.8386526
2826.403958
3099.14292
5133.598343
3329.08867
1904.83935
5120.314038
1177.758728
5462.466518
2831.61554
2627.851497
4403.565084
509.1557639
2857.324964
3068.972211
5100.599278
3242.163271
1781.46904
5022.538954
1133.837475
5397.527565
2674.525953
2657.474287
4344.196629
608.0225843
2897.255704
3047.537064
5075.715623
3150.455628
1643.810433
4913.303988
1118.985964
5331.247246
2481.83379
2716.231306
4286.608849
766.2094753
2967.23594
3041.987845
5226.528002
3512.51578
2144.985666
5316.661496
1320.012958
5606.940611
3109.911938
2624.418372
4541.14682
460.5815183
2833.481479
3149.982804
5311.949904
3539.689659
2121.071642
5333.995178
1372.312384
5662.022465
3019.673494
2751.933121
4600.347791
589.1008155
2968.695068
3240.526376
5289.543438
3462.959406
2007.844862
5246.959305
1329.347638
5608.210829
2867.409602
2785.507963
4551.498318
650.5218283
3012.95514
3226.751153
5232.090175
3337.272613
1839.434012
5105.330442
1266.052471
5508.879666
2652.164115
2810.973855
4460.118678
753.8898689
3051.966184
3185.760403
5024.457103
3021.205028
1465.486512
4757.665017
1119.844788
5227.803411
2232.95487
2779.839362
4196.277248
973.2209779
3043.290154
3022.522867
5211.75031
3697.032538
2477.755673
5514.585067
1500.037261
5691.674913
3557.315684
2470.593807
4619.62068
568.8373022
2638.175731
3137.653373
5328.258235
3746.384964
2463.476171
5561.368877
1539.601863
5778.288798
3483.629931
2618.360813
4707.115404
595.9474424
2795.833639
3250.098804
5294.208964
3660.013361
2343.161246
5471.739336
1453.853003
5717.439446
3341.215624
2622.588072
4647.787644
522.8465008
2812.705138
3214.68806
5265.32287
3589.585996
2245.746362
5397.738808
1388.421727
5666.645962
3225.428541
2627.706706
4598.759421
484.6856119
2827.582261
3186.529266
5024.633301
3297.841909
1945.467112
5102.736534
1105.948396
5394.324976
2959.539741
2458.934292
4329.344002
305.4489032
2679.102078
2950.64319
4987.737547
3207.701591
1819.113233
5005.569025
1038.752831
5327.709619
2810.495974
2478.516405
4266.644811
385.6670314
2709.760892
2921.064908
4965.917245
3125.787209
1693.39001
4912.972774
999.9548738
5271.34841
2649.004999
2523.957099
4215.945041
519.6351736
2766.000546
2911.185243
4852.690119
3167.945488
1874.181416
4979.057995
963.4007016
5240.740953
2961.967473
2273.649389
4173.361006
134.267273
2494.224626
2776.357708
4901.805685
3166.621602
1825.16785
4971.994749
975.2784538
5264.464695
2871.566574
2361.781297
4200.047099
257.2702168
2589.076133
2829.958899
4863.876847
3091.615423
1726.39701
4892.564146
915.9233937
5205.659639
2763.373084
2366.584665
4143.961497
336.6091212
2601.972958
2797.74996
5053.725915
3543.312543
2350.256397
5361.056866
1351.699117
5532.074605
3465.802217
2322.692646
4460.006525
438.3712228
2496.890936
2978.873342
4990.202869
3396.320765
2150.660473
5212.270238
1191.032346
5427.094868
3244.482735
2320.197083
4356.247293
247.8959934
2515.865124
2910.817212
4842.149399
3210.436695
1960.190259
5025.32282
1003.551172
5256.832594
3075.433771
2219.498675
4187.16361
62.25189395
2430.525537
2763.103792
4836.39375
3015.525309
1615.288844
4808.977456
872.0359465
5150.478755
2631.260464
2395.672554
4093.082763
457.4845735
2640.053798
2779.968218
4932.897081
3028.904163
1551.172765
4801.540977
973.0084528
5199.569178
2466.144675
2572.002674
4151.819754
679.6829469
2824.921404
2896.081831
314.2854548
2228.650163
3649.44016
2380.784628
3706.267948
1374.882631
4623.645913
2553.783917
1060.742949
4501.304932
2527.549179
1800.400515
1135.932293
1540.688011
2813.604079
2338.936533
2835.775855
1786.450818
3884.35396
1810.932536
876.0337753
3645.649668
1854.328173
946.88927
772.5922073
1628.901495
3077.165677
2013.409179
3221.092108
1325.97386
4024.094629
2277.237546
555.632644
4062.68303
2318.32187
1385.632163
1124.810673
1327.252808
2728.659108
2024.420453
2874.873992
1561.373365
3711.056551
2023.805479
575.0291228
3727.607903
2100.019506
1081.174361
623.4449035
2079.283498
3423.643394
2475.331837
3425.311068
1595.08033
4458.937822
2242.048958
1053.79656
4204.943568
2217.178999
1508.866771
564.0130134
1978.713452
3368.689745
2317.98435
3420.396758
1454.245344
4368.02258
2305.873722
903.8761301
4221.425405
2299.256271
1519.574439
563.49829
1893.128488
3314.362311
2198.107431
3403.596585
1359.272366
4286.802362
2344.263102
785.8145381
4220.045243
2351.88659
1520.82588
723.219441
1935.384589
3272.998915
2410.247826
3285.369492
1604.203609
4311.244691
2141.25761
961.4795981
4074.314896
2132.518358
1374.208535
657.0152874
1893.39072
3271.198225
2301.981327
3321.669364
1491.664611
4279.344449
2223.44506
863.1938174
4125.248494
2224.839673
1423.450207
802.3700953
1783.188333
3133.175827
2307.635717
3174.16638
1575.35029
4160.451621
2092.353633
843.011611
3978.775615
2104.257636
1277.213473
776.9064364
1694.688169
3096.757688
2153.71815
3191.546554
1445.055012
4083.728308
2182.887457
691.3121361
4016.406946
2211.076597
1323.191821
1123.494464
1396.258312
2750.655504
2139.04854
2851.703614
1643.021116
3767.458447
1939.672176
684.0617739
3690.113204
2005.504944
1018.717101
577.4098161
1805.477035
3271.44139
2036.228783
3413.527941
1222.151585
4201.630216
2427.337161
637.8763162
4249.32099
2451.533113
1562.674152
457.0074552
2026.873296
3445.19688
2273.851451
3518.135753
1364.654909
4420.865746
2416.156413
894.7063324
4324.926783
2409.114582
1623.235098
1468.485002
894.8206702
2425.586509
1671.135945
2747.858301
1543.902095
3290.381805
2206.097771
483.7721587
3651.354709
2339.132455
1209.748619
1595.396631
767.0725631
2320.745848
1626.467035
2685.658589
1606.886831
3160.802297
2231.082785
573.6078277
3599.044527
2378.965499
1235.499165
1397.741464
1037.832669
2451.098057
1939.455188
2657.374793
1680.103532
3418.495617
1969.81769
614.9510949
3534.902492
2085.943271
981.94138
1599.707894
877.6854709
2249.113597
1991.154366
2466.931377
1846.657884
3237.377928
1872.970573
774.5644653
3353.587674
2013.951944
876.1657993
1266.229926
1096.556496
2634.210155
1642.407634
2934.273115
1368.819341
3489.041197
2299.386488
296.7629677
3828.657244
2409.907957
1312.344177
1483.313669
885.9294096
2455.889434
1551.320078
2821.455505
1469.840197
3271.911101
2322.078147
437.76298
3732.410273
2457.832523
1325.340742
1225.856039
1144.603826
2640.121469
1768.233433
2891.551046
1437.207948
3540.75425
2195.023109
375.9689425
3774.661972
2297.498137
1215.496686
1197.948558
1204.451768
2651.904919
1895.264201
2853.279918
1514.134638
3596.343933
2092.255323
477.5760301
3723.554423
2185.745467
1123.864974
1424.2405
960.609118
2437.137366
1802.714477
2702.578355
1604.146611
3354.092354
2089.339632
532.0664054
3594.102116
2214.226378
1095.643554
1623.555906
786.3564335
2234.373588
1859.015545
2515.892769
1778.558016
3169.721693
1998.634567
712.1740957
3416.132173
2146.837203
1002.82344
1657.204791
713.8705079
2229.479982
1731.014576
2571.136315
1719.777096
3109.303417
2123.5703
673.6247029
3482.454345
2277.801171
1130.11533
1831.467473
614.8228122
2025.662393
1923.371524
2333.84834
1956.606425
2975.930628
1938.044575
902.4707438
3244.49956
2111.016993
959.2642642
1086.724173
1277.252453
2811.836257
1664.561926
3086.013693
1243.905655
3668.110305
2369.52295
204.7494859
3970.577646
2459.993522
1399.431339
1319.291475
1060.130905
2632.91904
1516.790991
2980.546744
1310.550514
3439.700721
2405.443509
260.9134549
3884.873771
2523.384441
1413.445176
1846.048176
543.7557536
2035.582363
1806.823291
2400.646227
1896.601139
2930.929738
2059.797813
863.7329431
3319.861909
2235.222702
1083.746756
1791.720738
945.7058546
2094.470331
2283.824022
2203.373582
2144.562441
3190.836981
1571.502559
1074.92989
3071.15898
1726.639596
577.2529653
1494.089628
1359.73375
2495.236618
2454.528747
2477.83933
2067.58818
3626.024365
1516.487969
1063.828471
3288.959165
1599.215188
596.2554739
2976.506913
1708.845611
1581.883021
3454.035242
1060.769949
3454.087442
2990.783096
798.7008142
2384.135205
1804.264055
1094.046112
898.0725913
3316.390849
1610.528421
1036.012018
3426.155597
661.1722538
3633.435942
2458.806553
1347.300114
2568.642604
1570.170148
1644.11592
1306.794961
3283.055336
1873.153774
1444.271095
3660.007199
763.6980593
3729.735163
2870.185872
975.413111
2657.750897
1499.018289
1268.794931
1206.831562
3391.876603
1713.002683
1074.859413
3528.442679
576.7437487
3726.675709
2501.016994
1329.730629
2660.202874
1472.760324
1625.754644
1363.988501
3452.313776
1897.476358
1269.548974
3706.04785
547.6035666
3848.015983
2694.001943
1193.96627
2776.963028
1350.213222
1485.042418
1388.514094
3554.428662
1821.678706
1008.533702
3639.450351
419.5657917
3872.891169
2429.939219
1451.073987
2809.22724
1338.624187
1744.674079
1529.162253
3533.755143
1684.476395
813.3053815
3499.050139
522.8430591
3792.061561
2238.771519
1599.199835
2738.122927
1466.756677
1895.447238
1557.90498
2911.643084
1650.448186
1584.655733
3388.951907
1111.023254
3384.780407
2985.771595
807.1114706
2314.797253
1869.349844
1099.487664
834.5938627
3006.486223
1552.680495
1367.676391
3330.852959
968.6383882
3409.975184
2770.313537
1020.042879
2337.972883
1796.150662
1314.050448
955.1045964
3525.723476
1589.108483
668.0769653
3395.66475
637.0878448
3736.318717
2094.122528
1720.810713
2692.747689
1576.515445
2017.62463
1597.485673
3535.403355
1501.529777
504.8681585
3290.207484
782.4686056
3689.284886
1925.751277
1873.288334
2661.240397
1705.710576
2169.80066
1669.917464
3662.452051
1516.891105
259.3629629
3258.297892
939.8582644
3744.380201
1677.477711
2119.918422
2742.163437
1816.453732
2416.213495
1869.09522
3249.428557
1234.912113
683.4843916
3040.491824
986.7434437
3402.874056
2037.565865
1761.264295
2371.636926
1929.390417
2053.192684
1429.368288
5111.115122
2945.588632
1320.55709
4582.271266
1439.729135
5187.559835
1732.577859
3128.735828
4199.488444
1534.699706
3409.218097
3207.479406
5006.309561
2833.687683
1208.498701
4469.700351
1376.073287
5075.99291
1657.224125
3059.81314
4089.981936
1540.143331
3342.903939
3113.941473
4821.515145
2728.289529
1129.815758
4428.881749
1072.555958
4957.171651
1864.735372
2762.985539
3945.494021
1237.436048
3042.102335
2877.697094
4867.519735
2699.388917
1074.822818
4346.539155
1265.454066
4940.94584
1619.352867
2941.692994
3952.541234
1504.514994
3226.821052
2978.552565
4867.515858
2736.956573
1120.976742
4412.089654
1179.981545
4973.505858
1756.062054
2866.769427
3972.624103
1366.771486
3148.480916
2947.791588
4884.13124
2790.298168
1189.203148
4487.740018
1121.631064
5019.815015
1887.263365
2812.667136
4008.510689
1241.754384
3090.387287
2937.66787
1868.038022
2249.019931
3024.21763
3377.575422
2642.461298
2778.707955
4319.483932
1112.235769
1924.645272
3251.796535
1006.461046
942.4016934
1801.227408
2157.71779
2967.637306
3279.040421
2619.562191
2692.228931
4249.852162
1133.483287
1827.92461
3252.889195
1052.190966
871.7756843
1736.211075
2059.761589
2906.897098
3174.560056
2595.666655
2602.897407
4174.404447
1161.762872
1726.053407
3253.890141
1105.791345
800.4508028
1719.218307
1886.976645
2754.664437
3039.086514
2487.888507
2523.751325
4008.854321
1144.467649
1606.703864
3180.145204
1133.514733
643.4380649
1937.587691
2341.039455
3083.059213
3476.169689
2668.97021
2865.996169
4390.349413
1099.688149
2021.624359
3253.841879
968.8828662
1017.92031
2030.509763
2165.563846
2841.430613
3405.245621
2425.680778
2886.559867
4159.562874
895.6730856
1978.823867
3029.457269
814.3044572
802.3410088
1969.801096
2070.890748
2781.225461
3307.82363
2400.805039
2803.823142
4087.239731
922.5213189
1885.381703
3030.645054
870.8691057
719.0004241
1924.02186
1967.152768
2706.919041
3209.832634
2362.321435
2728.566906
4001.071618
945.3045758
1794.871577
3018.394639
925.0337687
626.0794675
2185.995061
2135.256466
2711.046371
3461.655133
2255.209462
3003.979487
4050.466091
713.9757695
2062.20125
2846.804351
655.2658635
741.5264303
2106.972849
2251.104596
2885.598807
3502.708802
2433.757003
2977.753526
4216.447221
859.5529135
2075.543639
3011.069083
749.9871466
876.1328598
2103.396876
1993.264548
2618.26589
3320.543374
2216.253694
2887.110159
3941.281476
763.6278272
1930.044006
2848.981273
755.590234
604.7873087
2038.639403
1872.745349
2543.118053
3200.668357
2190.141637
2789.713585
3850.155925
824.0370176
1819.107755
2856.66439
851.4184422
492.3359708
2213.649842
1611.184835
2178.613951
3091.828262
1866.631454
2834.359464
3492.925163
770.5309928
1803.136923
2590.39358
920.4568296
231.8904537
1061.498028
2076.770951
3252.008511
2779.920659
3128.255844
2013.222312
4389.989678
1830.663663
1309.33346
3860.127796
1785.446224
1210.474883
1838.183116
1482.073643
2347.701631
2792.582135
2182.20268
2459.843816
3580.745048
1125.521963
1445.905094
2949.464131
1223.477884
260.064754
2769.168523
2800.626379
3110.884569
4179.451643
2417.308629
3676.397403
4512.092087
742.3670554
2770.350675
2782.320203
449.8111592
1405.954923
2655.070032
2718.990421
3083.579846
4074.749979
2426.501916
3562.285548
4476.300339
737.7630331
2660.515828
2828.370596
460.797152
1320.837367
2518.975759
2535.166862
2947.211231
3891.154273
2340.510946
3399.575018
4328.888776
654.5229474
2483.302745
2800.057276
425.3983513
1136.215527
2412.485965
2377.33816
2831.00555
3735.790254
2271.184631
3265.752419
4201.657572
614.4424118
2335.216306
2779.711137
452.3048148
978.0618334
2421.206485
2210.85652
2634.331705
3624.802941
2095.009955
3218.642866
4004.710732
486.2671117
2253.922338
2640.821011
424.7949534
816.487377
2913.258445
2772.771358
2974.501645
4223.100264
2236.036777
3781.61498
4386.504306
597.0858657
2842.637108
2572.490202
303.5681692
1398.58025
2818.584758
2634.86598
2863.734896
4089.915529
2158.148392
3666.216815
4270.910678
487.7806595
2716.728412
2541.183338
191.9281954
1260.889688
3085.409909
2936.06725
3068.613601
4404.224347
2278.26389
3963.51944
4487.878127
711.1356371
3026.212117
2546.471371
440.5442963
1572.000983
2984.186433
2856.318391
3034.190486
4308.903978
2273.760497
3861.539133
4449.333381
661.48529
2926.565162
2579.654107
374.9305935
1484.127652
2408.582323
2268.653094
2708.592632
3659.351881
2164.028819
3227.693996
4078.187052
535.2084626
2275.894148
2697.383786
432.1766898
870.9982963
2562.68593
2415.36078
2773.181773
3829.693054
2163.12222
3397.215328
4159.803576
482.1314256
2448.473219
2640.047389
294.2460566
1023.935677
2685.398732
2288.266121
2531.489784
3793.313328
1898.71746
3451.725818
3929.301126
225.0542257
2461.746773
2390.669621
214.2724218
938.135309
3065.856721
2750.201415
2832.632498
4269.441966
2045.996167
3892.5568
4252.980852
490.6388895
2923.616761
2350.524006
264.3872639
1415.178447
2995.86976
2593.192169
2677.693284
4132.427921
1917.227737
3789.625009
4096.019575
327.2981356
2804.730161
2273.494664
155.3693138
1273.010481
2858.980005
2378.897497
2508.733194
3927.225185
1809.048784
3615.228318
3920.035113
130.6731925
2615.83269
2250.136053
166.8655462
1066.340315
2973.292035
2485.628624
2554.876551
4047.350358
1808.102652
3737.420042
3972.621313
210.5431313
2738.829984
2198.47081
181.5342799
1186.505881
3153.454426
2755.733775
2773.161718
4306.865097
1958.53269
3960.881676
4196.650432
479.9495961
2979.341342
2240.362242
320.4104148
1446.772926
2773.583786
2096.233381
2231.800099
3688.756993
1607.350148
3452.787124
3635.232492
181.1741496
2425.299697
2155.340553
453.7156455
840.5191223
2321.902657
2344.210907
2852.706057
3670.849684
2324.239439
3182.4846
4212.605002
688.0375275
2261.166435
2853.11933
542.3665306
946.5867091
2807.574265
2930.603255
3253.752452
4281.008001
2549.424267
3743.158484
4655.572129
882.4761684
2859.10019
2888.968306
587.5952617
1533.062664
2494.082074
2108.035377
2466.179127
3584.169463
1924.159099
3241.32451
3843.017433
369.6903836
2248.544186
2489.817104
421.038806
736.0814511
2675.033289
2068.980286
2281.149909
3630.74401
1693.277076
3368.107724
3675.598586
223.9234842
2347.751013
2256.972715
441.1888559
772.8989674
2701.788614
1955.638168
2129.140741
3557.061448
1564.133891
3347.665997
3523.550689
321.6356586
2311.179096
2168.591813
581.6497615
720.6727206
280.2415922
2296.851355
3837.77378
2021.584265
4033.707529
867.7198103
4670.502363
3026.403298
992.442339
4875.174925
3027.161276
2187.596238
270.9687955
2548.942752
4070.292693
2259.88565
4222.399654
1044.566692
4929.485779
3132.731988
1252.624327
5044.264456
3109.339119
2344.517879
750.9122922
3111.404247
4593.799411
2802.662629
4663.007183
1529.473769
5500.989599
3427.144506
1831.431006
5442.301432
3356.790009
2748.698017
540.2115537
2887.284221
4388.49365
2570.65666
4494.016769
1309.824768
5272.746077
3316.918414
1598.481843
5292.145729
3265.566309
2591.4388
590.0852686
2865.477518
4399.565057
2428.225965
4553.88261
1146.817572
5236.192329
3434.13407
1559.121189
5370.85406
3396.67866
2669.545895
654.6915885
2664.609917
4242.443821
2071.191217
4483.787749
779.1551458
4999.891255
3488.054742
1354.414672
5333.868711
3481.958782
2651.015113
733.3618063
2991.865179
4534.384386
2485.795344
4696.383618
1190.460701
5355.679248
3574.222763
1682.089268
5514.127561
3533.72978
2812.825602
361.4878278
2515.357186
4060.195238
2139.470045
4249.469456
907.3644666
4883.593646
3207.067616
1207.068949
5084.768724
3194.639217
2391.230387
466.5636328
2490.729278
4054.655957
2031.583408
4277.523857
783.3080558
4844.341039
3278.289678
1178.26949
5124.295246
3275.441055
2439.71096
702.3454566
2835.589422
4402.005051
2256.085888
4613.124172
958.6759501
5180.982395
3563.39872
1523.247652
5450.709731
3542.241069
2757.062946
581.1691666
2472.753361
4053.316114
1926.701167
4309.254131
661.6662014
4808.429908
3352.821549
1163.319813
5166.699682
3359.080642
2493.860676
2923.217162
2166.612758
2189.803208
3795.412962
1502.695555
3589.984665
3604.515267
193.3574619
2555.555743
2014.386415
488.5387395
965.2461992
2862.779014
1962.553096
1994.802899
3620.056707
1380.905518
3470.679587
3402.86952
387.6065376
2421.333762
1983.460245
681.4247284
834.7428727
2768.459309
1814.984109
1911.402304
3474.374173
1378.777839
3345.254876
3307.479547
503.9960422
2290.490948
2042.407692
786.1234939
713.7060271
2706.452125
1709.55103
1854.439056
3371.216616
1384.164902
3258.595268
3239.664302
596.9941107
2199.996489
2087.350156
870.2424937
636.517342
2947.985199
1818.99236
1741.965533
3534.998247
1163.630678
3477.755585
3152.655957
637.0258896
2413.221003
1844.169172
932.8794619
873.0614948
2994.393166
2313.279208
2314.707192
3929.566733
1579.117143
3694.654044
3733.771615
144.01529
2669.950226
2025.440517
390.4858241
1085.443265
2858.569774
1739.59336
1739.923269
3445.009742
1221.944019
3382.277637
3140.892789
654.4912824
2317.686847
1928.734414
945.277956
781.3436943
3101.797464
2204.005293
2077.699048
3882.878184
1324.56861
3734.248245
3500.946584
371.6575255
2687.517839
1811.621194
645.4816326
1098.595048
3060.192242
2108.194679
1991.810292
3796.019608
1274.170993
3668.821932
3413.140046
418.450512
2617.011004
1810.729669
707.1149895
1033.413101
2992.107644
2004.94826
1925.488134
3694.771316
1259.37087
3580.989812
3342.61153
458.2436968
2525.822953
1847.108575
754.3565259
948.4382131
3023.483269
1911.547691
1778.307002
3630.563596
1138.261283
3567.668598
3195.769168
603.786806
2504.505082
1779.741666
900.387048
954.2658504
3296.042624
2373.238481
2126.813261
4071.927077
1281.374872
3935.227556
3553.032907
497.5519384
2887.804145
1670.361876
721.2502171
1299.486743
3378.767238
2298.748725
1941.91477
4035.456414
1076.144296
3965.280116
3367.040139
666.5398898
2905.983736
1505.802676
914.7145328
1336.597871
3365.665102
2197.022145
1809.690106
3949.67159
966.8694124
3916.887793
3235.106764
739.450597
2852.280667
1468.232742
1006.230911
1303.11183
2995.896592
1767.893926
1631.171768
3507.327699
1070.164653
3491.469894
3043.548962
747.107937
2422.849647
1786.568945
1043.399261
916.3895131
3288.562361
2035.877247
1664.104154
3799.041674
896.0330126
3800.514051
3090.347684
797.2661411
2731.959349
1506.525463
1082.541713
1212.28597
2616.648986
1830.984058
2064.491193
3430.856329
1565.141866
3236.766546
3446.135046
445.378833
2194.76132
2217.062239
689.7057039
603.3867434
2458.793548
1679.930674
2044.492512
3253.336207
1644.749313
3057.507292
3399.121744
607.8561175
2013.272662
2347.386091
820.3485709
422.2980004
2657.772329
1416.802541
1613.229223
3123.630291
1323.652399
3106.010578
2968.729935
907.9618818
2035.56302
2130.447457
1176.144665
600.1200012
4526.619849
2921.764261
1758.427456
4739.075537
726.4319207
4946.036662
2968.965949
1931.273643
3875.586918
254.1655625
2155.483438
2447.78777
4516.176072
2860.839258
1659.01635
4676.503627
655.3003854
4910.480891
2857.331401
1968.198923
3841.822994
289.8568072
2202.013595
2440.350618
4474.817991
2775.793021
1547.753271
4589.268492
568.9345092
4845.888487
2744.8239
1977.966394
3779.369509
380.9252565
2221.319684
2404.105061
4456.065603
2702.750094
1432.807686
4511.853713
508.1354355
4798.377209
2618.090554
2020.526925
3735.307056
481.8829018
2272.943546
2394.249681
4431.820176
2895.330207
1810.588909
4712.805082
736.0700281
4880.733578
3062.721699
1796.742273
3808.931341
369.2878903
2014.269594
2352.41885
4376.374271
2809.48134
1716.330214
4627.210168
642.0056688
4809.228817
2975.445041
1777.050418
3737.913353
406.3929181
2004.287939
2297.031548
4405.067293
2766.900031
1608.073295
4583.785485
568.3557825
4804.554868
2843.095654
1864.044061
3735.25183
390.6382607
2101.806632
2328.960339
4402.118323
2562.988522
1229.664619
4361.862474
439.1865766
4696.227986
2403.896617
2080.133792
3640.629036
683.9740906
2346.119007
2362.26062
4349.723759
2631.043431
1419.903527
4444.337494
424.6544225
4707.073828
2651.009094
1903.042017
3641.744616
524.8217853
2156.397562
2284.21276
4640.159363
2956.964878
1704.216583
4770.091935
750.23257
5023.798715
2855.939191
2094.741498
3956.39141
208.6977744
2326.231278
2565.549893
4613.134537
2887.295517
1604.898638
4697.162675
687.0929293
4974.030862
2748.006907
2114.451793
3909.055192
309.1995004
2354.487858
2543.864824
4581.087558
2803.524434
1483.995774
4608.059732
624.583812
4913.615777
2615.896902
2143.543878
3852.366522
437.5371567
2393.106916
2521.113743
4677.376611
3040.183213
1816.970933
4855.752932
834.2710608
5085.151715
2975.396494
2084.018092
4015.722253
110.6993605
2305.170577
2599.189014
4764.626784
3055.672906
1757.784877
4865.473035
854.1802648
5138.061694
2860.352312
2221.741175
4072.022743
189.9005608
2451.118394
2691.301512
4738.576473
2988.603242
1661.933085
4794.304048
799.5067054
5089.706511
2752.801954
2240.485198
4026.334205
296.3698798
2478.084779
2670.878338
4542.78055
2689.018165
1310.755161
4482.342042
579.3543002
4831.90174
2420.995253
2202.543397
3777.863735
629.380508
2464.149997
2502.344949
4710.212395
2909.87804
1546.449015
4709.070412
748.6976843
5033.219394
2620.582761
2270.827132
3973.894064
428.1998864
2517.65455
2652.050143
3505.78312
2420.618171
1993.090258
4164.968713
1068.625385
4099.080052
3413.816922
752.4587248
3040.016955
1413.587769
976.144874
1469.333579
3615.905478
2383.38092
1824.175829
4158.061195
861.2083523
4158.489395
3236.984935
939.0278743
3091.563985
1234.076922
1179.087947
1551.835486
3680.291213
2545.215309
2007.366812
4306.344574
1017.068857
4265.125617
3416.544897
914.9368566
3203.502946
1259.384672
1120.573387
1639.273452
3781.080428
2466.191023
1778.012383
4257.948282
751.1930396
4299.512485
3173.211552
1118.446208
3229.810993
1053.551638
1352.972734
1709.819412
3756.695598
2361.270031
1635.124177
4161.875343
618.6110887
4240.006201
3031.338549
1172.01844
3168.448135
1038.621345
1423.855967
1678.352848
3702.8432
2253.025714
1521.240824
4057.911487
536.7452844
4159.826895
2923.330684
1191.950153
3087.750445
1079.112428
1456.887989
1623.414681
3811.311261
2612.234142
1979.954544
4388.555962
947.4824828
4378.27523
3375.418877
1057.699011
3313.400302
1118.91713
1260.818067
1760.541328
3942.02086
2682.279582
1958.996254
4471.123509
891.9461713
4491.211833
3336.367092
1200.672168
3423.746015
978.1181415
1402.376677
1883.337359
4014.17612
2603.429143
1751.250696
4410.584808
661.0025909
4503.449338
3108.097638
1365.877195
3431.798179
804.1419295
1593.690571
1937.617488
3972.130864
2494.190454
1611.941113
4305.951893
524.2060822
4430.078434
2971.574455
1392.760244
3357.974858
814.3949347
1636.81479
1892.639131
3940.338604
2404.603431
1494.445948
4219.395169
410.0983824
4370.86048
2856.598881
1425.842275
3299.171652
840.8916567
1681.495841
1862.164957
4059.622608
2713.439331
1888.223085
4515.198895
796.3735179
4578.459614
3242.586494
1352.837865
3508.148293
817.556207
1562.142589
1990.247306
4222.917516
2729.471117
1740.852003
4544.607527
638.5279243
4684.225911
3048.597714
1593.852204
3612.138229
577.3181419
1818.952207
2143.83826
4104.040772
2549.257
1556.245873
4365.980661
452.19579
4532.694619
2882.557074
1558.16474
3461.242438
676.8694665
1803.587417
2025.488425
4255.255577
2665.038679
1590.42408
4482.794685
503.1228838
4672.939373
2875.632388
1703.574532
3602.186774
527.2790756
1943.466932
2177.315605
4248.080581
2832.289895
1892.975165
4643.044162
789.0683272
4744.816927
3206.374922
1554.890625
3673.180806
618.7897519
1761.778093
2173.957079
3577.836552
2268.427969
1688.260079
4053.095603
752.162289
4086.871385
3103.484493
983.5645578
3017.048978
1229.17439
1242.508402
1502.840333
3528.809821
2151.336355
1563.684048
3943.403742
672.6540278
4006.451574
2982.446667
1025.371837
2935.011353
1256.696908
1298.534394
1449.455798
3753.578041
2193.470667
1360.77059
4007.542133
366.4124564
4164.112082
2754.903114
1336.680206
3092.926613
1036.524083
1609.79229
1680.133847
3883.242959
2221.503936
1242.945717
4039.277115
181.1441094
4252.129182
2611.275344
1524.815142
3184.11977
945.5205724
1799.218483
1820.725924
4205.306208
2513.026937
1370.740903
4329.01856
310.2227801
4571.469149
2652.125523
1769.622786
3504.712672
637.7771158
2027.848741
2138.797181
3626.364398
2112.597494
1386.130717
3921.52297
472.7088684
4050.958445
2796.913379
1218.891758
2979.124838
1158.55375
1496.965864
1551.109944
4069.420209
2411.63729
1350.076257
4229.220438
248.2879309
4447.780484
2673.90395
1638.360373
3379.449091
749.6880608
1900.676451
2000.890479
2258.832768
2252.35772
2790.625776
3578.024709
2293.544673
3102.016229
4141.847577
693.5375411
2172.250595
2850.436616
587.0180627
856.1506327
2483.235172
2996.363981
3542.65671
4166.828291
2939.380139
3495.735372
4911.054481
1248.463366
2705.034269
3347.766841
982.1288606
1617.990314
2400.489669
2901.57543
3472.206784
4068.005708
2892.108245
3404.142861
4833.97051
1204.035674
2606.96339
3325.673861
949.6555264
1527.321866
2319.148401
2807.271963
3403.347566
3969.365589
2847.634826
3313.124646
4757.869728
1166.496554
2509.143448
3306.498076
926.8169827
1437.966221
2239.403452
2692.370765
3310.797523
3857.779547
2781.303316
3217.15998
4657.864987
1112.905929
2400.026734
3267.94845
893.0353038
1326.997674
2154.785796
2612.342443
3265.175659
3764.347841
2764.287002
3125.448062
4602.456117
1112.952139
2306.107584
3275.903819
912.6077588
1256.889455
2084.242105
2526.215149
3205.968034
3673.290537
2731.251425
3042.885345
4534.557188
1100.589239
2216.089565
3266.209396
920.9690778
1178.957491
2009.662559
2433.494711
3143.77256
3574.722639
2698.719917
2954.019604
4462.136351
1095.907768
2118.753654
3258.776402
940.2421226
1097.087506
2567.13892
3091.492524
3614.545019
4265.698256
2989.295371
3587.737516
4989.003086
1299.068507
2803.212405
3372.731826
1023.3382
1709.682236
2605.696229
2932.175171
3386.002644
4187.915091
2743.771979
3580.590762
4769.530107
1054.598802
2741.826591
3130.117709
776.7025183
1536.870993
2527.265304
2835.574585
3312.523054
4089.845244
2693.403554
3491.473038
4690.36426
1002.359229
2645.4459
3106.760062
736.1923405
1441.668955
2450.503014
2739.386966
3240.593794
3992.053325
2645.923075
3403.107046
4612.165783
957.6924886
2549.497833
3086.480695
707.4486445
1347.26974
2375.230568
2643.288377
3170.077901
3894.170458
2601.350969
3315.181622
4534.71723
921.5607273
2453.635702
3069.313615
691.863094
1253.471644
2294.458391
2537.712336
3094.203919
3786.451417
2555.778325
3219.120164
4450.391106
892.8426504
2348.385602
3053.981454
690.9017707
1151.190348
2201.826493
2487.042684
3091.727466
3707.620587
2584.93504
3128.521865
4436.496433
941.3080868
2264.797859
3106.576738
759.2249345
1111.162779
2178.637778
2359.075812
2960.393991
3611.413439
2473.111066
3070.762886
4302.115782
856.7046935
2180.146765
3020.137432
710.2049991
978.1079468
2258.429313
2427.733708
2988.757804
3696.451095
2470.27394
3156.992866
4340.972196
827.2651921
2266.844325
2992.839739
655.6734294
1039.31546
2685.544535
3029.017374
3460.834729
4286.102291
2796.812186
3670.279033
4849.503293
1113.310341
2838.464526
3156.465079
827.2487075
1632.62431
2656.01807
2850.316592
3249.44336
4160.153029
2590.845202
3599.746608
4639.830489
903.9194979
2728.749594
2974.619169
622.1624644
1451.104213
3444.386583
1260.86269
405.7194835
3001.556354
1133.197718
3493.68769
1696.942276
2102.402769
2501.537776
2042.027315
2394.746686
1732.129071
3496.385281
1263.924741
363.1412439
2967.463706
1228.071021
3505.80142
1578.645146
2225.91115
2531.442012
2120.664585
2517.71617
1831.981797
2816.622333
1199.178339
1251.200115
2986.840844
1171.747373
3127.806621
2588.92234
1264.505446
2060.545076
2068.045799
1543.81608
874.7930119
3047.860461
1254.721188
1001.493459
3069.950163
990.3326811
3302.699951
2366.551342
1439.884334
2245.280537
1918.452544
1729.513133
1133.282258
3037.849878
1154.061469
929.0440867
2971.780743
1063.500756
3247.391157
2264.279328
1558.418976
2198.990675
2001.917322
1845.494024
1183.958551
2993.731265
1025.519246
904.185172
2842.456401
1182.548493
3156.469432
2185.749219
1671.973201
2119.180655
2125.133865
1954.592181
1217.28418
2965.635992
1295.928205
1149.810093
3098.922807
1024.7659
3270.236064
2518.663722
1291.894565
2204.737523
1928.786673
1580.071633
1005.683502
3241.51269
1142.169481
628.4824275
2931.571983
1113.243365
3343.557653
1924.577709
1891.607686
2328.682004
2050.829922
2181.039881
1495.039577
3022.694174
958.6651987
838.6485294
2767.348704
1255.39219
3135.023197
2071.052426
1806.297225
2113.392353
2199.396971
2087.641736
1315.390076
3437.438128
2128.72055
1633.264512
3907.879036
782.5819691
3937.584164
3056.763177
911.9482129
2867.553501
1356.337203
1187.127837
1359.957427
3376.755557
1970.713095
1471.638601
3760.960379
708.7259517
3832.070894
2897.372942
995.5695954
2760.165104
1404.056852
1283.658497
1298.434335
3490.049562
2031.790485
1426.720193
3832.128588
598.4389303
3930.73336
2848.385979
1095.696584
2858.6291
1291.776435
1379.289614
1413.018572
4295.404415
2487.80881
1213.114
4293.233366
328.7301569
4604.13334
2439.269856
1965.143882
3545.511706
707.0768525
2232.451908
2250.613434
4032.231276
2279.52528
1152.342637
4093.825018
72.54247598
4361.64203
2477.301382
1722.610552
3298.744621
872.2419521
1997.285967
1983.542064
1190.352726
1262.866572
2861.480013
1373.257612
3232.810201
1057.743941
3610.306909
2628.811358
108.5160262
4138.043422
2732.719587
1644.022175
1380.978836
1039.846504
2639.475801
1390.889917
3033.135398
1260.925033
3395.871704
2514.680657
282.8471024
3946.032002
2639.195573
1519.771696
1622.321183
752.9402634
2340.082438
1521.849214
2745.979483
1556.922927
3133.702133
2333.698574
560.7383019
3665.625772
2484.509643
1339.162363
1691.312119
740.449332
2357.977816
1375.645877
2823.50981
1513.2722
3081.39909
2478.647162
597.3356202
3751.328135
2635.137801
1486.811327
1750.210583
612.8333549
2183.198364
1621.407614
2590.489255
1716.359431
3005.54139
2235.880031
712.4070171
3512.938081
2400.667026
1249.206457
1024.467867
1409.003931
2992.5204
1470.056447
3322.446662
984.6443535
3769.237298
2634.133184
98.94969211
4216.644767
2720.630462
1664.665572
1450.924738
1035.559766
2652.594601
1265.595413
3090.401732
1222.446076
3356.828378
2625.62481
352.8090314
4010.583519
2756.048771
1629.248177
1899.106561
464.0155998
2046.681078
1645.633291
2492.656598
1836.836749
2856.913219
2235.287193
855.3794589
3422.213493
2415.554887
1265.063847
1538.996569
862.9534896
2463.669475
1428.625524
2877.779022
1426.015004
3226.255577
2435.998912
453.1410836
3796.784293
2577.499157
1439.412919
1285.956544
1238.131484
2853.022977
1245.679565
3268.182389
1029.769628
3553.515613
2724.110678
237.5860556
4181.940641
2836.501697
1733.58453
1519.433128
1047.135403
2671.57997
1152.060766
3147.550098
1196.507256
3327.093663
2728.384954
438.3343178
4073.280012
2863.539727
1731.584932
1824.156166
583.5495002
2200.817961
1458.550162
2682.044155
1669.373126
2937.691665
2408.140229
741.5994011
3613.601302
2578.760661
1426.702532
1949.869305
446.4112919
2065.710626
1527.473276
2568.496497
1803.044984
2807.574932
2368.529466
875.1666045
3503.733153
2551.960617
1402.326745
1590.991643
871.5727289
2490.516251
1304.889524
2948.740045
1380.698408
3198.074701
2554.851355
489.8413624
3873.979267
2700.27241
1558.99664
610.4667242
1751.923305
3254.704702
1899.261086
3442.080513
1101.931416
4145.075584
2515.836252
526.5973029
4292.747335
2552.096203
1623.494173
698.8905895
1695.729019
3243.1442
1710.580593
3492.17669
942.8619067
4075.121439
2646.843071
403.646393
4361.217945
2698.109977
1724.246953
509.2196712
1853.262421
3355.822198
1942.13718
3533.624227
1074.45489
4245.752213
2576.54357
612.7013468
4378.96251
2602.96368
1700.927072
612.0952898
1985.563914
3566.382991
1655.268565
3849.438223
638.7104225
4332.254243
2993.088562
675.2210383
4722.282594
3031.582889
2083.398043
860.1007729
1849.211849
3455.931577
1407.884452
3807.175381
523.3440313
4157.653413
3059.438757
580.4028112
4699.428044
3120.586938
2114.623515
911.3929741
1748.14937
3355.547863
1368.492327
3714.502266
596.5535208
4058.916207
2993.969641
486.4627928
4609.929349
3062.695329
2040.316279
324.1286994
2052.629305
3525.280897
2135.049647
3651.543239
1169.309485
4448.093986
2601.702708
832.8636449
4475.608672
2602.98478
1778.592361
420.4143751
1944.072321
3450.684615
1969.332668
3625.505247
1039.541795
4335.021251
2648.281206
687.5011597
4467.752265
2667.228405
1784.930575
503.8346756
1963.41378
3519.22915
1778.67718
3760.16162
797.9809922
4333.019092
2856.146998
655.2548796
4621.635521
2887.078924
1962.900903
546.1279507
1884.742392
3435.737204
1766.499068
3674.949756
847.029334
4258.854714
2782.35114
581.1099286
4537.457962
2818.168882
1882.351026
670.7229524
1871.43849
3451.952937
1608.589673
3741.696293
687.5935868
4221.421349
2912.366662
560.6593546
4618.216892
2959.279832
1990.699512
430.9016874
1955.829081
3419.743924
2112.209677
3545.170866
1207.37762
4351.911032
2511.58387
762.618707
4371.544023
2520.213046
1676.401697
617.5113269
1792.889461
3342.241887
1736.911789
3586.093407
889.6414681
4169.560347
2715.707188
493.5437335
4451.732349
2758.859639
1804.761992
753.2479401
1761.407338
3344.604115
1552.195439
3646.901195
731.7837965
4111.351969
2852.463409
451.7512091
4528.498613
2908.99401
1917.359909
225.1512107
2145.83465
3623.87782
2168.270498
3748.476487
1149.889763
4540.493786
2681.608353
909.3129424
4569.616925
2675.815876
1870.893292
448.4172746
2062.273149
3619.418582
1819.414204
3855.741277
770.253832
4429.133031
2930.36661
752.48864
4714.03035
2954.079402
2048.42253
337.4089827
2032.644532
3542.831935
1999.723184
3714.898591
1013.041299
4421.958405
2719.323591
764.4665843
4554.232261
2731.362444
1867.531416
1895.981054
672.787774
1953.033535
2085.853023
2199.26794
2093.874732
2970.413396
1778.972479
1028.820841
3101.521404
1957.579173
808.1100103
1961.15225
566.2261139
1889.742736
2030.113487
2187.717454
2103.048304
2877.068835
1851.059441
1049.480117
3100.555688
2038.733168
894.6276867
1982.69142
472.0874629
1882.097032
1933.421863
2237.236808
2061.277625
2820.455495
1959.414719
1025.103398
3158.506222
2149.972233
1007.18939
2146.853135
493.8684013
1702.975542
2125.932874
2021.651407
2274.371755
2715.555775
1811.638248
1229.647586
2942.824061
2020.491357
906.0695243
2155.765465
382.7990908
1706.919473
2023.156735
2088.336605
2223.005539
2663.896928
1929.256717
1196.66085
3016.75269
2138.494837
1021.107863
2338.280711
394.3318068
1518.153591
2155.538266
1915.607661
2409.499174
2513.254999
1884.239396
1387.363832
2849.550561
2112.149296
1040.145249
2027.161881
371.3290172
1866.273103
1840.145052
2282.300385
2036.958195
2750.033162
2072.458424
1027.47991
3211.36802
2267.290678
1127.329739
2338.018602
241.2161131
1550.45058
2021.057628
2025.923134
2336.956742
2462.637305
2036.203512
1343.393652
2964.962412
2261.715811
1176.198101
2199.884518
256.499633
1692.540229
1930.11874
2142.798123
2199.77212
2587.642079
2053.220725
1201.179164
3078.054331
2265.518246
1150.438849
1969.930375
752.1268724
1891.748551
2237.317316
2074.920192
2227.091837
2969.439276
1632.176735
1157.17913
2967.91227
1817.345124
673.9923906
4241.068577
3516.436747
3019.53149
5214.260699
1958.432825
5000.952355
4404.07047
1418.38201
3981.452126
1730.973872
1400.807105
2394.868778
4175.766974
3413.128311
2911.405966
5117.568354
1853.390522
4920.257775
4297.98571
1338.698277
3895.5712
1654.832749
1339.073546
2306.664717
4095.370656
3307.851741
2814.143644
5015.109266
1763.098549
4828.01219
4205.019087
1249.147629
3799.859477
1606.389929
1264.66834
2209.799143
4043.359166
3218.750602
2719.244965
4932.437174
1671.517545
4760.923443
4111.775862
1188.457451
3728.16676
1545.002117
1223.430049
2137.042932
4402.133877
3584.53078
2993.391619
5308.600368
1910.778944
5136.586722
4357.096318
1558.386071
4106.35643
1593.499803
1567.038047
2515.515763
4339.421985
3483.528412
2884.628203
5213.896707
1803.367002
5058.251992
4250.149231
1486.542932
4023.365252
1510.845566
1512.374633
2431.962981
4244.655267
3340.831761
2737.786685
5078.213601
1660.296084
4942.861608
4107.647948
1384.430287
3902.434748
1414.624052
1434.361452
2311.47531
4566.279528
3662.087856
2980.205268
5408.454285
1883.165496
5276.194849
4318.509007
1710.64564
4236.91444
1470.497234
1740.761921
2645.818464
4506.269831
3564.142818
2872.009923
5316.28534
1775.234146
5200.534213
4211.628559
1646.046854
4157.161134
1381.634921
1692.13677
2567.176625
4453.051741
3474.930974
2772.724176
5232.40578
1676.204105
5132.344219
4113.56803
1591.188289
4085.331486
1302.491303
1652.769105
2497.168807
4692.996776
3730.089176
2983.947909
5490.400169
1881.226185
5385.956004
4300.374557
1833.022181
4341.090805
1395.116619
1875.906707
2751.815763
4696.74857
3674.050484
2888.464976
5444.737798
1784.598896
5367.824324
4194.750526
1834.897205
4317.419225
1276.431573
1896.454333
2731.88036
4624.66941
3567.278064
2774.461694
5342.132729
1670.697942
5280.402535
4083.851956
1764.558055
4226.883805
1185.333786
1841.141106
2644.603466
4584.455405
3482.509942
2669.382028
5263.425281
1565.42135
5221.874983
3976.711559
1729.692504
4164.792621
1087.469682
1822.778402
2587.665781
4272.213772
3321.136797
2682.016526
5068.677762
1598.38716
4954.526211
4044.918112
1410.343808
3909.484049
1333.002306
1475.542956
2320.149866
4402.139312
3376.554619
2656.911758
5141.179437
1560.066091
5062.034465
3997.701432
1542.19633
4010.62511
1207.038736
1623.433135
2426.027991
4012.399147
3364.477882
2971.455173
5034.818641
1944.965118
4788.12498
4375.181739
1209.471218
3777.529346
1833.272276
1171.993923
2197.597304
3857.449968
3074.950882
2657.141284
4771.52808
1642.986807
4580.825532
4064.201859
1004.400762
3551.878136
1623.517495
1038.606941
1961.843202
3803.834683
2981.128073
2560.358116
4684.623815
1553.401328
4510.556741
3969.248482
943.8579917
3476.657676
1573.870202
1003.599522
1885.46739
3654.765709
2703.018666
2272.58254
4427.896808
1294.444898
4307.172956
3687.011984
809.7090513
3259.375612
1456.495728
954.2979428
1671.482011
3608.85128
2610.647357
2176.592822
4342.916493
1211.487522
4241.412863
3592.85828
785.003635
3189.359082
1428.839431
958.0305275
1605.620601
3708.835946
2803.898779
2375.518426
4521.340191
1384.817866
4381.302907
3787.780896
851.0611345
3338.216704
1490.64656
964.5066809
1747.794114
3547.250351
2511.742789
2087.715915
4248.504629
1144.457485
4162.053748
3506.810048
752.3314581
3106.741471
1427.777369
951.9923437
1527.888837
3999.549742
3093.773743
2561.782166
4823.323195
1513.02239
4686.490759
3953.172748
1137.672991
3644.80487
1420.356988
1210.769732
2054.069366
4450.580872
2971.002327
1924.962267
4786.993448
839.8714836
4926.211503
3185.192442
1769.23508
3854.110784
412.5947493
1973.677215
2373.485838
4075.79808
2798.915718
2014.291988
4593.125318
925.2708837
4624.149617
3371.891744
1321.669095
3556.174476
879.0949786
1512.169558
2017.664907
4286.710694
2920.643748
2005.042843
4727.924257
901.0167829
4806.387223
3318.106147
1554.336586
3735.726228
653.9301616
1746.278327
2218.910435
4547.725596
3151.351022
2142.50805
4963.759497
1052.701712
5063.485391
3400.398439
1800.047869
3992.279563
509.1575852
1978.213237
2480.054019
4328.051791
3010.694933
2117.176066
4814.026784
1013.118444
4869.893531
3429.875046
1562.056413
3800.688102
705.3637787
1738.086874
2268.68661
4489.247347
3056.642534
2035.726273
4870.716356
946.4282377
4987.176827
3297.650937
1770.537457
3915.387487
461.8503028
1961.623927
2416.452341
4366.79385
3097.383729
2226.128145
4896.25279
1122.111821
4929.966352
3539.334854
1573.041794
3862.657899
771.5395441
1732.787025
2317.679704
4126.272735
2889.620619
2114.066156
4679.833905
1022.510011
4693.190169
3467.852375
1343.07957
3627.052126
903.4469383
1517.100307
2077.665041
3836.164253
2793.70077
2241.530563
4544.170303
1211.925966
4464.928206
3640.349344
1003.145088
3410.306308
1274.504256
1152.304117
1829.929988
4022.528988
2863.305397
2172.995671
4639.82502
1099.788331
4615.626108
3546.497993
1215.416649
3553.475617
1050.151833
1378.480804
1989.213125
4115.727549
3154.853569
2554.601124
4899.501603
1485.463564
4787.980761
3932.121151
1254.818041
3741.427973
1320.460022
1337.613508
2152.867128
3752.384575
2887.962548
2463.949572
4598.526496
1465.179273
4441.709797
3874.666419
890.6191395
3402.987447
1528.98246
977.7423715
1811.636291
3888.952098
3193.779615
2812.049433
4870.710925
1800.020784
4643.441074
4220.540117
1060.949897
3625.591939
1753.57608
1051.423257
2041.042285
3107.800942
1190.52277
859.2426357
3007.676732
1018.636972
3305.585611
2205.850595
1604.720116
2260.755767
1960.504804
1894.079578
1255.489299
2865.197953
1297.455909
1276.127506
3082.060506
1108.618655
3204.103218
2637.072649
1189.968957
2134.645292
1990.565381
1473.900437
882.3772976
2868.1657
1411.440546
1380.174605
3179.855413
1099.522913
3255.215251
2757.596363
1055.995765
2183.365662
1947.014414
1342.212108
838.5985779
2488.005588
1372.13741
1741.277495
3026.860634
1495.742833
2958.774192
3069.33091
907.5110154
1891.316636
2296.687039
1150.781563
428.7407161
2445.152873
1209.467025
1658.622429
2880.590547
1522.015258
2858.241456
2954.749651
1070.638797
1786.918944
2361.875033
1311.122632
456.2790553
4507.490886
3384.693349
2575.849498
5167.173997
1472.274022
5134.227534
3890.184713
1658.257542
4075.487842
1034.39041
1763.200039
2501.502547
4338.099514
3287.082586
2567.966342
5054.461753
1472.912752
4986.049317
3913.287554
1481.933265
3932.34854
1157.328597
1576.804023
2350.377808
4660.284844
3461.306933
2565.896049
5256.650958
1464.354062
5262.125966
3845.151888
1822.610103
4198.748897
908.9307933
1939.813849
2636.0932
4200.374786
3183.799375
2524.701411
4941.472768
1442.127712
4855.716169
3889.106918
1343.025894
3804.476762
1221.61452
1438.145588
2219.710938
4594.167896
3245.832261
2260.740339
5055.26476
1167.998399
5132.148577
3520.234327
1816.474806
4062.144285
598.2432759
1979.256953
2534.700118
4450.224102
3264.589103
2428.072218
5054.704964
1324.204088
5050.279447
3740.918478
1618.87904
3987.377335
911.939094
1747.43543
2423.874936
4407.58374
3181.754944
2329.201457
4976.210595
1225.260951
4990.001779
3642.406809
1592.479167
3924.813912
840.7783107
1736.384937
2369.553471
4661.329105
3400.666613
2462.394969
5202.931667
1364.66788
5238.177679
3728.958322
1842.249696
4171.573245
782.9445144
1976.885777
2621.306631
4613.822676
3311.669616
2354.948587
5117.388107
1258.540835
5171.95035
3620.798975
1813.65662
4103.533543
691.7607777
1962.907088
2563.529587
4192.648576
3057.887498
2327.032305
4835.137567
1236.480799
4802.7426
3681.423662
1361.451729
3742.528119
1030.344229
1497.580169
2172.39424
4168.116049
2981.065656
2224.207845
4765.461581
1132.196992
4756.659606
3576.804406
1357.775568
3693.185343
957.0772701
1512.797439
2132.612997
4271.699101
3163.545936
2426.32725
4938.605878
1331.758085
4895.301182
3773.431389
1428.551132
3837.091241
1060.706544
1548.295756
2262.396527
4773.139982
3589.46631
2680.7268
5384.632457
1581.618303
5384.601584
3946.233822
1927.807505
4322.285818
973.0159112
2033.530274
2756.230677
4765.389987
3527.696554
2583.319819
5328.900084
1488.153498
5354.852105
3838.095891
1933.801346
4289.480352
857.6097919
2055.336353
2733.476884
4014.951234
3056.137749
2488.669903
4797.00519
1433.006061
4683.443957
3875.693222
1155.350196
3636.682434
1337.177714
1248.132524
2048.213313
3289.511927
2858.024823
2808.058
4429.321461
1951.535603
4095.640124
4233.901625
584.6111823
3110.523992
2175.847014
455.966181
1568.399725
3240.107956
2754.080155
2702.843941
4337.518108
1860.388624
4025.501495
4128.341133
485.7272299
3031.089827
2120.534335
399.6761714
1477.346548
3165.564301
2653.179191
2624.211774
4238.379515
1806.677341
3937.02125
4048.567723
385.2718757
2937.598484
2110.594447
333.5670191
1378.883093
3110.163415
2557.122446
2539.325189
4149.179569
1743.265341
3863.943238
3962.493723
295.0617399
2857.815481
2086.660991
308.4468281
1291.622161
3067.503777
2453.873937
2436.928542
4058.828638
1661.706854
3797.417387
3858.957212
214.879683
2782.334768
2046.398866
333.516861
1206.341192
3362.129759
2950.476343
2881.034187
4520.984611
2005.078623
4179.100754
4307.244686
677.4689824
3198.212643
2191.325409
538.6030317
1660.110945
3458.13785
2879.510219
2703.305251
4503.514362
1794.378153
4227.743572
4128.72343
655.5868278
3222.161026
1963.683149
619.8991059
1651.208353
3488.702508
2811.767957
2580.229903
4463.569008
1659.11636
4227.555382
4004.53102
645.0246466
3208.855329
1834.918535
671.4257391
1625.607509
3498.782545
2726.758995
2448.287742
4402.857249
1521.597634
4205.74059
3871.61091
637.5265504
3175.457857
1719.529271
723.0665898
1585.497222
3377.925547
2610.391705
2386.802928
4278.056528
1499.807426
4078.499555
3812.528834
516.1417591
3047.711299
1769.251672
631.3041051
1457.786466
3291.856371
2504.319012
2313.304292
4171.161892
1459.110888
3979.29806
3739.55411
435.4012748
2945.472655
1787.383969
593.600438
1354.69143
3517.18735
2976.706239
2795.389889
4593.863574
1872.995998
4302.694615
4220.181817
741.6010471
3303.323834
2004.293661
676.8244705
1738.398524
3620.657106
2920.63496
2627.626922
4585.74824
1670.46332
4359.548699
4047.997357
777.2982667
3339.03029
1775.994325
797.3388379
1753.825478
3677.053835
3016.430781
2722.132799
4674.512361
1754.345938
4432.265881
4141.174122
850.4942542
3417.372564
1820.440733
841.7280183
1835.944538
5481.189809
3994.931525
2762.41937
5812.541266
1797.80187
5980.060889
3801.586836
2708.215853
4907.968018
862.1881012
2857.822791
3412.339639
1450.060484
1497.79668
2606.363311
2551.927379
2543.531483
2099.985596
3755.48164
1486.645872
1131.809532
3332.643664
1544.708603
630.9308975
1645.995005
1398.60955
2419.763685
2601.093416
2340.724258
2241.840349
3597.265357
1342.955847
1232.020644
3134.870658
1432.144438
433.8929685
1185.112825
1836.735533
2993.768096
2666.138858
2893.680827
2017.224671
4134.215822
1676.928209
1193.988716
3648.031541
1669.238097
970.8676758
1116.826338
1714.851899
2935.618127
2505.149979
2895.237514
1881.983191
4040.200238
1762.848946
1033.748809
3676.667572
1777.343407
978.2325296
1272.088563
1769.179323
2897.922981
2668.002393
2792.275226
2066.998964
4049.357886
1593.295317
1202.779759
3549.045117
1597.395848
869.3926751
1361.195714
1705.015629
2802.431215
2673.819933
2690.790391
2120.590613
3965.266713
1511.731763
1220.091162
3450.103492
1528.797647
767.8421359
1551.364458
1596.201649
2614.13292
2708.28475
2484.255303
2248.400741
3803.736366
1347.008009
1289.838015
3247.076857
1392.86912
561.365347
1826.847911
1303.610808
2235.753443
2637.766442
2150.942421
2367.759473
3436.065423
1243.109593
1329.254963
2955.253901
1368.20154
269.6939808
1214.545017
1660.837702
2847.900648
2528.523075
2795.886739
1951.444723
3967.988319
1673.441836
1065.207756
3576.802329
1696.904412
878.2596412
1802.061641
1184.269666
2186.185403
2517.569377
2165.138729
2285.496661
3354.853876
1351.284567
1234.322995
2992.845679
1487.504655
358.5595307
1307.676182
1592.452284
2750.947855
2534.362442
2695.043607
2007.883526
3882.187794
1596.903117
1084.740791
3479.185837
1633.446049
779.0223623
5180.356378
3227.935037
1695.2215
4979.055182
1231.415316
5419.749479
2462.487096
2838.462618
4379.425006
873.8704059
3090.079317
3153.25749
5338.147379
3403.797902
1872.968029
5157.022919
1378.376516
5591.235353
2604.945018
2949.412159
4548.223636
902.4448586
3193.319002
3301.295909
5427.313101
3447.804578
1885.827635
5181.822279
1482.937253
5651.256418
2527.999869
3084.094556
4615.929244
1062.001304
3332.506607
3404.187756
5487.539838
3477.058957
1896.648907
5195.839053
1558.929898
5690.344734
2471.695867
3178.415274
4661.090888
1175.641431
3430.002064
3475.453825
4949.004676
3888.038234
3028.558739
5669.298238
1927.269312
5613.246305
4296.495833
2087.238833
4560.092247
1303.461829
2148.044326
2977.328568
4850.479807
3745.851961
2875.405229
5531.847038
1774.042523
5495.216053
4146.808132
1991.673241
4438.422307
1167.302921
2070.03094
2860.619454
4743.153146
3630.169131
2775.354085
5415.571052
1672.347002
5381.430767
4059.484078
1886.762192
4323.830269
1108.666776
1973.428391
2747.455231
4953.594781
3569.72828
2485.88497
5384.226155
1429.346304
5486.677607
3668.252119
2164.891602
4415.881097
626.7505394
2314.159214
2893.938375
5056.282633
3756.068805
2714.342633
5565.947288
1646.047597
5627.948663
3904.793643
2230.958622
4559.916851
862.6540479
2353.362351
3015.180424
5061.013597
3608.500264
2456.840584
5425.825033
1433.742877
5566.228654
3594.015833
2297.548415
4494.312866
554.1258014
2457.901384
2992.442137
4589.118459
3023.288879
1876.072692
4841.019983
836.7510174
5029.098023
3081.718208
1950.948568
3957.711137
216.0146219
2163.69395
2509.611023
4757.758793
3417.961189
2403.116327
5228.304834
1320.510779
5304.4162
3634.585797
1963.13274
4234.765768
639.3549809
2112.691297
2702.827456
4877.841127
3650.618763
2691.447083
5452.099992
1600.489777
5474.859868
3931.003213
2039.045519
4410.15616
922.8685909
2151.106061
2851.29025
5113.645861
3904.215625
2916.30091
5706.475203
1835.127023
5724.244858
4124.703445
2264.515893
4660.776021
1086.265349
2359.884533
3097.301638
5282.353299
3989.657162
2918.563099
5800.62632
1864.569848
5862.716827
4074.508071
2447.030836
4795.134792
1032.108576
2557.147
3247.090209
5356.569994
4041.051265
2943.824083
5853.975008
1901.274328
5928.954689
4079.564055
2525.059831
4860.469797
1044.746922
2637.981272
3317.093925
4869.1348
3599.207638
2611.918914
5404.814014
1525.938091
5448.38746
3842.079782
2042.505921
4381.540418
828.6746019
2166.78752
2831.492595
4937.954872
3624.023441
2593.001888
5433.982005
1518.959163
5500.701979
3799.504637
2122.50003
4432.05788
767.3214419
2254.685482
2891.593601
4612.533225
3127.23568
2036.75646
4944.125242
972.0586135
5090.688322
3259.457221
1912.174617
4018.584575
328.6871565
2106.443044
2536.312646
4688.170569
3274.735417
2221.078465
5089.16883
1146.686079
5200.819607
3446.772388
1935.379812
4129.348457
468.8996571
2107.929689
2620.21147
4867.44747
3497.32524
2439.075541
5310.543474
1371.35918
5404.192342
3641.91246
2078.420622
4333.709358
613.3945438
2229.094064
2808.84591
4808.997912
3365.649375
2265.068762
5181.985746
1211.047545
5311.811817
3457.36875
2061.264357
4239.957686
430.6686406
2233.375608
2738.767521
4709.794945
3177.820098
2030.413437
4995.588298
995.4323489
5169.201005
3216.854704
2029.036587
4097.310212
218.2415677
2227.22
2631.447699
4680.757707
3086.8223
1897.28254
4903.936729
887.8733456
5109.843142
3070.320648
2050.823918
4039.056463
116.5760266
2263.491815
2601.294689
4908.818553
3437.373935
2297.357806
5254.750654
1264.382032
5401.588741
3459.272253
2167.845941
4329.530329
414.9290146
2340.773872
2836.474873
4829.306147
3277.583974
2091.546754
5095.171761
1083.452954
5282.604072
3242.392521
2147.690268
4210.942052
198.4306006
2343.044178
2750.641381
3866.594694
1676.828521
107.0987739
3375.547796
999.0491367
3916.011599
1509.359263
2312.071774
2928.900531
1806.634082
2608.855406
2087.480612
4168.66672
1990.227333
374.5877144
3673.366308
967.41513
4229.92879
1481.70962
2466.792457
3240.972299
1642.743889
2762.342306
2342.050066
4553.184612
2315.166882
705.7290404
3914.934056
1291.207341
4557.807255
1261.883702
2869.487645
3596.641185
1783.72726
3163.608304
2759.12928
4238.503793
2037.100083
411.9671032
3696.921002
1053.156714
4279.591834
1401.512945
2562.553389
3299.61959
1695.368876
2858.125108
2428.974473
4595.494753
2465.115229
856.4681711
4154.388566
998.8545218
4699.900279
1672.065713
2661.424062
3697.76906
1376.533796
2948.539162
2691.370652
4598.271871
2439.24712
818.9969906
4108.645605
1072.490392
4678.685597
1574.772088
2720.252216
3685.65052
1474.374982
3009.318698
2717.794004
4400.153402
2259.037814
653.2889466
3952.502787
927.759412
4494.344052
1602.626478
2543.577206
3494.536426
1451.753839
2834.814763
2518.609829
4602.877407
2293.161949
809.7473917
3776.15377
1625.748851
4514.043333
891.697872
3133.376433
3600.483912
2155.041355
3429.792758
2921.156047
4211.428012
1929.675413
402.1963915
3501.203405
1345.207333
4166.820551
1103.329304
2757.378324
3226.488722
2018.601668
3054.197812
2512.887321
4131.674452
1985.398795
399.9470705
3692.573097
868.2013043
4219.328259
1580.208192
2377.391073
3219.720331
1561.459243
2672.438803
2278.339585
3584.801297
1314.614644
327.1691013
2972.208772
1310.293502
3557.673643
1445.982642
2358.513528
2601.634786
2179.847627
2650.5603
1957.134019
4003.530129
1720.917892
249.3986631
3312.84772
1316.313997
3959.551259
1178.122987
2626.567087
3016.823083
2068.14672
2922.88887
2330.814026
4151.531969
1831.896451
478.4410575
3338.706184
1522.4529
4052.573983
950.4343804
2854.659484
3140.696422
2228.279998
3150.843694
2535.931073
4190.637068
1951.116035
341.9046328
3578.415697
1172.698072
4194.395773
1274.705197
2623.718307
3230.478446
1845.74741
2920.293811
2431.559774
4552.306047
2462.506349
880.7795154
4177.623269
881.2187817
4688.093392
1791.121081
2555.401128
3674.611219
1254.271172
2840.372437
2621.143361
4381.833128
2262.415519
672.6432187
3970.153831
863.5856881
4493.174593
1668.243275
2489.23967
3486.94009
1389.700997
2779.59941
2484.079893
3958.416898
1720.422625
113.9967302
3370.546793
1144.645954
3963.915264
1344.011572
2475.768728
2996.877081
1913.482876
2772.48251
2224.609894
4123.330541
1913.808067
288.5604085
3575.722806
1058.443448
4156.535612
1389.692762
2507.373816
3178.863443
1758.842064
2803.817449
2334.765036
4301.436382
1984.666568
571.1164802
3481.385461
1546.058901
4204.99542
901.7976105
2944.973539
3293.109584
2197.495149
3241.700422
2662.895258
4661.662638
2332.062085
918.3901242
3758.166595
1777.506208
4535.634932
745.4440743
3267.031424
3643.638729
2305.894248
3563.725739
3024.124291
4822.157898
2506.291386
1026.811482
3955.73924
1775.885783
4720.083202
874.2823068
3325.747427
3815.52598
2225.734204
3621.50693
3137.691244
4355.471682
2156.199071
530.951453
3809.202773
1080.29391
4398.870068
1404.38554
2635.899383
3418.942931
1658.23381
2930.355317
2532.817291
4475.981178
2273.85893
648.9767379
3915.829537
1136.335808
4516.953207
1399.414071
2726.137503
3539.053666
1646.805674
3019.40366
2646.295968
4457.157894
2300.426374
684.2403091
3979.921151
994.8067202
4538.758709
1558.354612
2614.532867
3544.193792
1489.137681
2905.724794
2584.750631
4603.894871
2399.07743
775.1454599
4029.887996
1206.184089
4642.438994
1405.542354
2824.373664
3666.581404
1644.260448
3116.218219
2767.391817
4732.251194
2568.481733
945.3903623
4226.590495
1164.677048
4809.110188
1591.504996
2829.36178
3818.426917
1483.273234
3116.492985
2847.332465
4737.740034
2530.426238
907.7481572
4150.15563
1288.793995
4773.908211
1424.418505
2929.563846
3800.067897
1652.146517
3219.788709
2894.70893
4013.593201
2156.195464
939.1350125
3960.707754
189.6509488
4286.498389
2261.050304
1844.268446
3232.899738
1027.045429
2128.18291
1998.457178
4210.639209
2210.608946
768.1239418
3978.150827
523.2112001
4403.731654
1971.43019
2172.180139
3370.242704
1150.993937
2459.198328
2247.349139
3587.096621
1970.511048
1206.384124
3785.492621
403.9942026
3962.759404
2622.352402
1319.525445
2893.276254
1231.8879
1607.172969
1528.306144
3712.684783
2047.178929
1164.559663
3864.690123
272.2355734
4071.884045
2565.163619
1436.294312
3004.226841
1126.02431
1720.55695
1658.031209
3681.938079
1905.906381
961.4852806
3722.412409
306.7655559
3985.135533
2369.335742
1560.377464
2924.357593
1244.993048
1851.666794
1660.847483
3664.280729
1785.402808
771.765953
3595.100014
435.0567737
3912.641003
2186.742022
1692.066342
2861.689289
1374.762126
1986.946316
1687.367851
3836.094211
2022.012772
941.5164221
3834.47241
192.6502772
4126.128655
2318.835398
1686.24733
3068.368444
1133.006829
1974.05099
1816.882511
3818.859283
1909.655922
749.8171386
3711.598837
366.3890072
4056.242197
2133.97608
1808.147024
3008.809775
1274.76075
2100.703644
1840.946048
3999.559602
2067.096374
778.8516878
3859.512831
347.1435703
4229.172907
2100.255518
1940.674014
3184.816521
1161.101629
2229.563306
2017.406187
4168.441998
2385.782678
1176.394219
4196.002517
201.5630519
4486.790666
2453.781784
1847.49283
3426.083947
779.8311334
2118.268605
2121.859317
4144.328569
2285.093132
1011.591264
4086.422277
237.6561928
4420.200101
2284.045699
1928.26907
3366.759119
918.7283782
2207.248432
2122.312119
4124.522245
2210.034563
887.8047082
4002.243966
322.7447237
4368.160043
2158.118576
1990.882196
3321.381366
1032.051441
2274.812517
2125.345124
4040.382037
2138.974821
864.9373998
3936.029539
280.2144357
4289.266076
2172.607666
1920.624756
3240.790998
1074.869572
2206.482196
2041.157641
4270.670428
2388.960547
1051.053877
4183.495505
353.2533733
4537.202702
2265.50299
2042.045391
3486.320819
861.5763304
2317.971938
2250.274863
4262.815227
2296.362713
875.1162963
4071.813656
477.6565316
4478.32683
2063.275572
2155.544307
3439.213013
1044.250691
2438.789262
2278.672639
3656.821657
1696.173711
617.8477756
3494.792101
568.47253
3858.892377
2038.641593
1807.930776
2818.628252
1491.746262
2104.25453
1724.488563
3810.623835
1826.830522
593.726478
3614.948022
517.6033657
4004.004312
1984.778648
1914.978073
2967.346889
1399.751509
2209.891598
1873.61878
3962.926001
1931.190636
545.2203348
3699.491943
575.3873545
4130.110828
1877.876587
2072.439715
3102.151392
1377.004178
2366.293385
2039.631057
4123.868069
2145.824251
755.1778161
3923.182608
452.924938
4329.036213
2012.387033
2083.301777
3291.669112
1157.535284
2371.294581
2155.102692
2885.813668
3440.350536
3884.181076
4628.569552
3186.85086
3929.922558
5276.975718
1521.356547
3164.278238
3480.999006
1227.600695
2049.65502
2738.698593
3282.250185
3761.345404
4463.682752
3095.337788
3773.347828
5146.459706
1414.975264
3000.037299
3429.651247
1126.788958
1895.047398
2652.425914
3186.819693
3687.440289
4364.714013
3041.268776
3680.371683
5067.467574
1354.730144
2901.618441
3399.973729
1071.822971
1802.085918
2992.423405
3387.869263
3745.827391
4650.007378
3011.22284
4006.975768
5149.595522
1369.929403
3197.823625
3275.749577
1073.176498
1989.188233
2849.595114
3222.847003
3613.198877
4482.767132
2909.098703
3851.558387
5010.754246
1245.328879
3032.491556
3216.481692
950.6865596
1824.930928
2766.938257
3125.920073
3536.567706
4384.419397
2851.927688
3760.661339
4929.904279
1177.123777
2935.39609
3185.228327
885.7024818
1728.667986
3071.547922
3357.256463
3652.782119
4668.69315
2891.560244
4064.492238
5063.130377
1274.8277
3227.50671
3133.735336
978.9921513
1958.474206
2886.525774
3143.826287
3483.819712
4451.75158
2763.579063
3862.360724
4886.722585
1109.595836
3013.449658
3065.140414
813.2585057
1744.567928
3446.359212
1173.366633
459.3572788
2846.244128
1364.175275
3416.675409
1532.442246
2302.467653
2459.99143
2258.168824
2591.333348
1851.760834
3269.375934
962.9832305
682.8802806
2622.472602
1540.676358
3203.418138
1607.930952
2322.221346
2262.554706
2453.165624
2603.655682
1777.673736
3054.104469
809.3550788
822.4478771
2560.257551
1500.138769
3047.955509
1857.606313
2108.005738
2073.749916
2436.186678
2384.075694
1529.269605
3087.582196
774.2024123
862.9830417
2457.855527
1644.978902
3015.381299
1751.501275
2277.216412
2074.772948
2573.214357
2550.79903
1663.201704
2508.024656
356.7687111
1366.213831
2173.095623
1857.224564
2523.268634
2325.28914
1990.741028
1527.5302
2799.099718
2231.987468
1197.569296
2715.636211
439.7102024
1192.515028
2225.265878
1800.135692
2676.548925
2103.010558
2122.40954
1711.162801
2743.889897
2376.707979
1388.077851
2909.477122
617.4196289
1007.829948
2358.534534
1691.500673
2860.554476
1926.615494
2176.692094
1904.352284
2630.805048
2442.584792
1511.506694
3425.158967
1194.623841
434.2800299
2907.822528
1254.608407
3435.729149
1624.70038
2192.480003
2459.863591
2158.591527
2482.722986
1773.848142
3125.153033
768.3457261
965.186857
2334.155516
1831.861384
2974.466073
1654.296661
2476.10917
2080.201416
2750.736395
2746.322771
1823.222367
3162.136498
819.1851878
870.4926837
2429.68498
1728.676858
3044.279811
1643.55869
2410.3537
2130.668521
2646.812031
2684.340465
1790.756041
2951.821561
610.8523009
1042.355971
2277.955799
1804.702109
2844.436526
1841.868482
2323.572807
1920.923902
2738.697512
2588.100017
1639.470419
3257.461659
1060.8179
593.0573765
2813.445451
1271.790861
3293.081532
1780.468906
2065.6996
2303.887273
2199.029406
2352.360611
1606.73986
3017.464411
876.2056187
831.3159616
2671.261046
1358.89618
3083.151347
1992.32312
1922.207908
2078.015444
2301.360053
2200.699487
1385.986162
1994.567971
1740.763175
2451.164842
3080.018122
2149.782417
2702.542345
3741.686523
886.6241374
1713.985339
2850.444263
949.0767294
369.552832
2407.578239
2503.783611
2982.740293
3818.496733
2412.467501
3300.770718
4352.566795
739.1477031
2398.849983
2897.104812
532.6816593
1105.837922
2362.902768
2084.784524
2536.100404
3509.345115
2038.089078
3129.383567
3897.152829
505.6030514
2150.777051
2622.876327
513.2773802
690.9848587
2294.069919
1953.347841
2446.392067
3383.403656
1999.477257
3028.000677
3794.38448
569.5099411
2036.669857
2625.513583
627.7518815
558.6418384
2231.450082
1823.180323
2361.453422
3259.034318
1969.292129
2929.900665
3694.390256
653.5145692
1925.827227
2634.741498
747.1102948
427.4453857
2175.466198
1694.406928
2281.640067
3136.399163
1947.655372
2835.379853
3597.318467
750.1869506
1818.717116
2650.252864
868.7087494
297.5080908
2476.50964
1945.690855
2301.845694
3458.988558
1804.664657
3170.203355
3672.274285
413.3326079
2155.554954
2420.812472
558.8598458
598.588001
2413.06167
1801.381559
2201.864283
3325.17205
1767.449234
3067.372536
3558.148527
532.6095376
2040.626607
2431.479321
701.9767273
464.9057583
2558.096947
2023.587535
2323.065365
3550.243039
1781.350177
3261.773266
3704.908785
320.9960632
2248.531525
2367.770477
475.9439904
689.3742673
2599.13277
1938.611247
2196.126135
3504.452338
1665.827737
3262.98609
3579.880114
350.3953326
2234.409118
2278.986507
566.5627988
650.9523452
708.8979677
1656.436145
3148.613457
1897.696445
3333.602978
1173.846062
4051.552841
2425.609776
474.8914243
4186.063155
2469.712297
1522.088538
839.5191767
1528.125321
3018.085458
1862.093839
3214.630729
1234.563543
3923.883819
2349.764233
400.961743
4073.736957
2407.351906
1425.436259
823.3191035
1660.65537
3243.678336
1522.475261
3552.810268
797.6590766
4013.695349
2785.794451
350.6095962
4437.808881
2850.419682
1840.473777
794.2876498
1587.773591
3132.734921
1687.683538
3387.868334
1010.381504
3970.189101
2572.40085
310.2002729
4260.797293
2633.121533
1636.908413
907.1126289
1549.870049
3132.62844
1497.182643
3449.66967
878.0532203
3906.49284
2714.758365
239.3217865
4338.470171
2788.634693
1758.587354
908.1478182
1464.123307
3005.784554
1670.118618
3268.392498
1096.726443
3849.950184
2490.026708
222.9332219
4145.914696
2562.153936
1540.080794
1139.885808
1394.781515
3004.220503
1291.113577
3391.604663
898.7857067
3716.265831
2776.780885
210.9108518
4298.010286
2873.668443
1796.329911
1043.659505
1535.176049
3144.155716
1307.244732
3520.765105
771.6735068
3851.202941
2862.886021
303.9642956
4423.00869
2948.430631
1891.952386
970.9585455
1646.544459
3254.67762
1335.340538
3621.826169
677.3659039
3959.739476
2930.273303
395.6338984
4520.490648
3006.885211
1968.091813
1364.556702
1248.12295
2871.333879
1126.363006
3323.955084
997.4070015
3524.781098
2826.131508
354.2172021
4243.974135
2944.032528
1832.791247
5018.281352
2809.741806
1188.914008
4411.366518
1477.364763
5053.171856
1516.281407
3149.464898
4081.799829
1689.241437
3435.731859
3159.932676
5020.131151
2772.83755
1172.469542
4329.130804
1598.220684
5012.813079
1340.902951
3249.528626
4060.611538
1866.689238
3539.138611
3206.776022
5255.493648
3008.002569
1408.505883
4549.843662
1768.44473
5247.025418
1454.285746
3439.75964
4296.850173
1932.969672
3726.476659
3429.977453
5268.98631
2996.118985
1421.23798
4499.281701
1867.480992
5228.400735
1332.27458
3525.37047
4294.027349
2071.51025
3814.447804
3478.073572
4883.750846
2636.646973
1035.720011
4202.029271
1507.655305
4877.176649
1290.635901
3142.068306
3923.699553
1841.000766
3433.255997
3078.269134
4898.170314
2623.06606
1053.284919
4147.129331
1622.951504
4857.020141
1151.736776
3235.616444
3920.528295
1986.282564
3528.584974
3131.772281
4872.697854
2663.249246
1041.896737
4272.490637
1379.91663
4906.724491
1456.262388
3037.628407
3934.761077
1670.45794
3326.114012
3023.530564
5033.934684
2759.674861
1187.646512
4275.666206
1707.125908
4992.99176
1207.590022
3339.829537
4057.316907
2009.912245
3631.456801
3257.917162
5242.235763
2928.108463
1426.379911
4349.872887
2035.59701
5138.324669
1066.766647
3653.834612
4237.549009
2327.212879
3946.951265
3527.995079
5261.295978
3194.330023
1594.27908
4891.846144
1400.886177
5420.558754
2158.598828
3072.111999
4403.505731
1235.104532
3337.572282
3283.428907
2951.789719
3124.653123
3415.272905
4469.606612
2674.018471
3910.049263
4823.477913
1037.348645
3041.547743
2959.46126
740.7196246
1727.557993
3127.489987
3340.848834
3593.290355
4684.126577
2813.7997
4105.747822
5007.523806
1218.198044
3251.363634
3039.813911
925.152087
1944.663534
3185.582982
3327.523877
3535.871811
4701.698588
2737.789156
4149.012921
4953.527131
1167.798771
3278.165388
2946.619047
879.8909611
1936.134352
3013.565447
3110.573671
3354.872944
4488.212537
2593.958543
3955.700757
4767.439978
977.9962604
3070.42861
2863.630155
683.8393006
1718.225362
3245.84294
3317.24128
3480.424921
4721.400189
2663.417683
4194.31526
4901.002354
1124.262024
3307.879983
2853.916714
844.3896623
1932.8877
3083.386022
3098.4898
3290.660524
4510.752889
2507.727171
4007.74471
4707.425763
921.0629695
3105.21076
2758.913071
634.0274085
1714.44738
3338.448641
3307.65569
3402.392418
4754.27296
2556.962543
4264.717878
4826.262968
1074.289539
3356.854107
2718.13498
812.466045
1937.771843
3211.8041
3138.831775
3256.007493
4591.183412
2436.211486
4119.569728
4677.866448
911.8803659
3200.344473
2646.658759
644.7796709
1769.690487
3139.472626
3039.469397
3170.645899
4495.537307
2367.537414
4035.27477
4590.951913
817.3618666
3109.038221
2608.331808
546.3577658
1670.900618
3470.090322
3305.506856
3304.765058
4805.859337
2420.304218
4366.354712
4730.888489
1037.719249
3432.43352
2536.991401
812.337954
1962.656072
3348.841762
3136.764047
3153.885594
4644.794538
2292.418479
4225.015132
4579.370734
869.2332439
3279.853815
2460.22559
645.7171047
1797.322424
3279.725067
3037.426748
3065.717208
4550.349661
2219.383961
4142.994022
4490.533793
770.0677698
3190.967917
2419.010413
548.3471808
1700.389165
1996.489465
1261.803139
2082.499621
2704.881368
1978.519388
2503.687632
3310.522097
1151.286232
1450.583671
2788.026984
1308.329754
156.5233519
2130.239703
1362.257843
2044.524457
2857.834639
1863.083556
2663.69809
3314.858607
996.3914105
1612.259033
2650.542585
1167.064533
67.16456424
2102.601063
1212.735698
1966.851277
2723.525401
1867.577581
2575.693324
3206.200037
1132.978491
1513.863153
2687.947876
1313.569811
190.8337269
1987.677574
1120.440516
2008.415309
2581.729831
1979.454081
2430.912538
3204.646613
1272.623317
1367.153555
2816.651735
1441.595224
291.8387744
1972.984091
996.3693886
1962.434919
2465.246324
2004.221953
2357.461592
3123.281436
1391.456496
1287.784363
2862.837133
1566.753843
419.2682809
1967.471204
873.2862424
1923.00442
2350.521919
2035.777919
2289.706303
3044.45424
1511.305877
1217.611496
2912.976599
1691.987073
546.705009
2262.604842
1350.714809
1926.705406
2913.427368
1726.016167
2769.649632
3217.812125
951.1208599
1710.14234
2518.943092
1150.946845
200.2421431
2231.280174
1198.091894
1848.147965
2777.30384
1737.24342
2679.536947
3108.071342
1098.346377
1612.459295
2564.74178
1303.184737
270.3135936
622.7912717
2972.286771
4418.514206
2809.905401
4450.815076
1577.151321
5367.798101
3187.298004
1724.464507
5217.474937
3112.626743
2531.233031
319.7444056
2406.9113
3815.578317
2521.845453
3845.521357
1457.471198
4801.334831
2639.631325
1234.480963
4625.291908
2594.85851
1930.079163
805.0577064
2956.984037
4524.20656
2341.79242
4731.734579
1040.687618
5299.600442
3666.570692
1644.790872
5566.337111
3639.691529
2870.577783
873.5665517
2940.436704
4521.860893
2249.817083
4759.38412
949.5800816
5265.685736
3732.32231
1632.108017
5604.44447
3714.143573
2915.454947
999.1670694
2926.198242
4525.314036
2119.133504
4807.141867
832.0228251
5220.432742
3837.077174
1632.228228
5666.721969
3831.362087
2992.05428
4735.689746
2682.381007
1112.607115
4407.447003
938.6028232
4900.40699
1958.585914
2629.643522
3878.723926
1113.253072
2906.935247
2771.384853
4369.583868
2443.30304
1035.446244
4225.64371
480.9125084
4612.120653
2187.264275
2170.999546
3567.054887
891.007145
2447.343157
2361.492095
4467.426543
2421.654664
883.3386227
4161.555853
740.2157299
4634.153918
1900.126816
2419.709864
3610.134331
1148.315463
2703.285794
2513.348903
4350.489324
2334.753995
843.1126842
4091.332815
615.9122948
4535.905914
1956.164554
2289.942839
3505.549025
1115.059261
2574.303604
2386.417191
4773.145985
2790.206686
1268.537628
4542.833526
876.0385935
4987.014554
2177.979652
2550.542768
3951.323663
900.5156992
2819.167581
2771.276776
4632.340096
2612.309293
1076.157312
4355.994858
807.843695
4819.216957
2020.593499
2498.735331
3790.238562
1029.483828
2775.580818
2654.724516
4507.715075
2562.441664
1108.32573
4335.613893
611.3925333
4741.395593
2181.53599
2296.512602
3699.211414
866.8577804
2569.839926
2500.878906
4913.513157
2939.402477
1411.46505
4690.651255
993.4718936
5135.178621
2264.360353
2648.80302
4098.148307
873.3843647
2911.889235
2902.681493
4639.525451
2678.693513
1190.43445
4443.087135
738.0563603
4865.722757
2186.513097
2416.506949
3826.115696
862.2229978
2686.985656
2633.477815
4480.817437
2475.338688
970.9432401
4230.389287
675.7284569
4675.253962
2014.934155
2365.335973
3643.188758
1033.549126
2645.215554
2503.492191
4673.558983
2800.059398
1381.013471
4586.426807
711.7533409
4953.956672
2425.667452
2327.27886
3902.204169
622.9087482
2585.968928
2634.816744
4810.198757
2910.650573
1450.526691
4687.536648
852.4988815
5077.54458
2419.3676
2467.456148
4029.119563
665.338334
2724.292282
2775.405262
4243.669675
2120.418474
541.6709797
3833.987479
826.4319468
4350.607343
1645.476147
2404.077386
3344.847364
1449.601863
2696.891199
2360.227279
4335.666359
2255.772631
704.6626643
3986.626307
747.938132
4476.240203
1778.391236
2386.217235
3459.600549
1291.313362
2675.180118
2412.382522
4248.012977
2199.918652
696.3373698
3948.840477
641.687954
4409.77237
1853.798117
2273.718518
3385.720432
1246.060653
2562.705343
2310.316751
614.7533693
2284.632589
3873.880615
1755.678856
4157.930754
538.3841758
4612.47063
3259.981392
980.4131884
5026.461499
3282.293476
2372.749796
568.9297184
2105.716008
3686.786212
1711.470277
3963.157206
606.8891355
4449.12243
3080.216309
795.7766437
4832.218171
3110.265132
2183.07821
776.6718471
2097.621069
3702.822333
1529.017837
4036.657854
399.0536713
4400.800434
3228.144804
818.5519957
4921.296464
3271.778515
2305.909899
811.3939894
1969.237447
3575.196665
1462.412523
3917.763927
450.6542295
4275.064209
3139.623239
694.5686407
4806.300946
3192.110704
2205.619707
142.1990833
2352.634204
3868.348835
2157.346379
4024.720857
1010.291034
4737.307709
2963.981284
1064.773337
4851.97117
2952.254069
2154.900435
386.7974734
2162.331152
3716.447789
1885.754287
3941.407472
780.5528769
4529.604387
2987.4043
852.9577322
4794.46363
3002.586565
2120.263297
219.2069958
2204.954271
3726.503952
2048.726526
3900.702713
958.6497974
4588.913852
2880.83383
916.6354203
4736.954793
2882.022002
2046.100321
115.1518524
2250.934214
3733.681217
2212.744669
3855.596795
1141.30822
4644.540464
2769.961568
1000.656226
4673.259632
2756.504075
1973.065632
260.5822605
2121.662096
3635.102263
2033.966623
3804.519922
994.4903059
4509.239725
2791.6492
844.6438159
4641.014522
2797.097194
1951.069452
3668.100611
3306.313498
3157.603945
4880.463753
2216.218519
4517.151303
4581.611639
1037.180495
3548.559718
2259.264637
885.6877028
2019.8484
3493.288883
3147.943722
3061.258351
4707.021399
2157.27819
4338.192733
4487.332254
873.028368
3370.376348
2275.375421
707.9720267
1847.368031
3502.024475
3060.0525
2927.907227
4648.389179
2015.211792
4317.840305
4353.523455
797.0459372
3333.704876
2139.606689
677.3257199
1787.785525
3642.684751
3172.274715
2980.400251
4776.930166
2034.538856
4457.293523
4403.514976
922.8574849
3470.119677
2095.259866
817.1974903
1917.656632
3834.14528
3220.206254
2897.615223
4873.934616
1902.510185
4612.730212
4311.480499
1037.50167
3605.57878
1879.648559
993.7150861
2029.585558
5596.780175
4250.102085
3101.595311
6065.685542
2086.667769
6160.824495
4186.264293
2766.829496
5091.30033
1189.353051
2878.570785
3553.787422
5345.836027
3909.067651
2727.996991
5726.591215
1727.177424
5864.695918
3816.187274
2557.516357
4792.990096
815.5583958
2700.902293
3282.614262
3975.91428
1862.34499
360.2587948
3597.435941
775.8818167
4086.706536
1681.338956
2221.750005
3077.209447
1552.264849
2517.536605
2111.063855
4113.568201
2039.897543
541.4974871
3785.067903
674.1780359
4255.288956
1777.099963
2231.869072
3236.519113
1379.22125
2524.715025
2204.221752
3807.385593
1766.411156
468.47157
3539.42402
640.9005774
3964.827976
1866.238829
2004.571168
2938.422551
1504.961725
2300.622242
1907.5146
3794.180532
1672.819063
278.6707924
3416.158051
832.6472918
3896.265012
1693.075512
2138.075317
2888.073788
1678.815594
2434.880922
1958.653313
3655.714797
1632.667503
497.4380888
3418.130864
682.1716753
3820.24805
1922.077437
1904.362809
2790.274742
1589.884422
2201.136779
1763.544729
3659.430469
1575.347002
376.8541125
3342.477222
803.0741875
3784.687466
1803.061999
2007.386532
2767.054341
1694.710986
2304.146434
1812.391769
352.2859317
2129.515477
3557.847359
2303.727891
3630.926648
1336.043012
4524.827799
2511.262873
964.4709406
4434.689131
2495.931745
1732.823347
2059.39923
304.4871167
1879.588418
1734.629496
2352.697872
1998.410734
2700.627644
2195.324737
1023.626896
3287.346877
2392.018485
1252.668826
2312.990436
136.483393
1611.675655
1910.755768
2128.295225
2261.682012
2461.737981
2141.617897
1291.298682
3069.026136
2362.91575
1263.755061
2605.072738
254.7973515
1472.656559
1866.890701
2169.51186
2423.380723
2149.969746
2422.745009
1539.326449
3112.215185
2660.818438
1597.113199
2237.574566
134.2562511
1711.367313
1811.423944
2233.14025
2159.123871
2525.186374
2202.369065
1200.604227
3173.265033
2415.697759
1299.161258
2563.710067
205.9182013
1431.134525
1952.559699
2072.051564
2442.028939
2200.249178
2289.954637
1518.324955
3015.984334
2528.569453
1470.985795
2212.898659
169.4610795
1721.075876
1829.403464
2223.49662
2152.862169
2553.451749
2169.039944
1183.555817
3162.314238
2380.728106
1262.003171
2403.291197
147.1480644
1524.157196
1962.229726
2066.178152
2346.561874
2375.269835
2147.880474
1381.823649
3008.699818
2376.93608
1296.59548
2526.284154
240.2953613
1399.012187
2050.761145
1971.40597
2470.154915
2261.905072
2146.643181
1508.64109
2915.254093
2385.919763
1336.362549
2103.518874
281.3739708
1903.553187
1621.333667
2435.514273
1964.516051
2651.493046
2331.554162
1037.466269
3374.628836
2530.099831
1391.385494
2739.301272
845.963491
1997.331836
1336.541633
2843.415303
2239.82995
2220.710161
3120.98974
1642.403468
3776.926704
3344.881558
2234.6527
2948.4021
1063.047809
2056.760727
1379.658818
2963.228157
2389.507097
2120.858828
3329.631614
1857.502454
3886.204546
3559.558224
2459.220565
2903.621321
923.2626264
1919.158806
1463.38427
2811.037716
2404.425303
2064.852236
3181.621127
1805.118519
3736.280294
3414.50017
2322.295495
3130.971522
1154.815252
1975.72767
1549.643753
2926.830998
2581.072629
1945.245211
3392.915728
2036.394379
3837.376324
3632.220014
2553.337544
3556.27713
1242.213231
471.4693599
2841.655095
1483.522704
3476.00216
1363.420486
2477.934291
2547.018878
2351.495492
2766.982334
2015.989843
2888.126738
525.7491172
1203.688699
2101.973426
1991.778148
2716.927304
1872.651527
2454.545597
1831.658451
2925.609983
2711.334869
1716.590002
3080.254222
718.189563
1093.229113
2208.703033
1968.32998
2884.746102
1679.024826
2566.381033
2019.087216
2888.128487
2831.479755
1873.47362
3843.192953
1487.071861
665.2674032
2902.593684
1765.836309
3664.927734
981.3631892
2869.319268
2797.718554
2567.133117
3159.384997
2398.768526
3654.669744
1317.826503
526.301338
2848.936545
1590.099807
3534.367879
1221.974169
2625.264326
2629.283545
2434.752701
2914.51246
2156.258976
3302.038933
946.8656049
1074.388622
2287.947408
2048.741137
3052.829426
1452.816493
2776.238041
2228.401008
2943.286147
3047.025366
2113.377504
3173.408728
818.5903308
1127.224397
2198.831635
2055.002822
2933.924461
1581.428531
2701.971035
2100.706605
2964.025311
2968.202204
2010.662839
3311.222138
993.4432138
1269.931188
2151.168639
2258.660722
2988.745896
1466.815405
2952.97383
2221.681405
3150.29616
3218.77931
2249.923856
3500.529969
1161.758961
612.4632688
2714.21699
1619.464767
3380.510941
1347.587498
2550.551803
2473.262255
2493.448834
2836.119958
2036.59532
3421.334881
1062.914868
798.6451578
2543.71781
1793.619533
3249.837379
1364.756748
2641.039575
2373.238143
2676.226585
2921.21742
2063.172148
3570.182724
1212.365117
729.8674958
2665.946739
1775.847347
3394.958526
1225.274692
2719.049807
2522.678021
2633.927435
3003.335689
2179.995675
3996.22655
1636.908152
992.7431541
2853.816005
2096.761192
3722.147978
759.2594204
3195.786129
2923.002303
2870.832329
3483.671303
2678.817676
3722.69398
1365.752872
682.222211
2796.534496
1766.255807
3545.317598
1086.701807
2801.652719
2676.221196
2594.491396
3089.435517
2301.389086
3472.420573
1117.840272
1034.805084
2405.13351
2062.657917
3208.255101
1282.66513
2888.286442
2396.885191
2934.052889
3164.028986
2259.162327
3429.770345
1067.75295
927.3054128
2454.86525
1937.012889
3209.598851
1330.596877
2762.581124
2365.852896
2815.842407
3039.899418
2152.265299
1703.076452
3037.539056
4661.276028
1728.692267
5117.553972
829.0755831
5134.841746
4377.279459
1900.74353
6023.626657
4415.749331
3450.024585
1815.692885
3037.112235
4656.925866
1652.879273
5142.83362
872.7977253
5090.766321
4446.74574
1941.435889
6055.404956
4493.526691
3507.797432
1917.32949
3093.737189
4710.111005
1660.233154
5212.357794
957.1251476
5117.80108
4536.394952
2020.747394
6128.014068
4586.167304
3593.111728
1662.366214
2933.213346
4556.366077
1625.017255
5020.54688
736.9622848
5026.465874
4300.935038
1808.871148
5929.023526
4344.765239
3366.872382
1827.265979
2759.443291
4369.081985
1304.821145
4901.732533
738.3963116
4758.077526
4302.269611
1750.640308
5824.715592
4370.416315
3339.365056
2084.597682
2518.28253
4086.062999
866.9006826
4710.64616
937.8252996
4360.1043
4284.909232
1722.949284
5647.600626
4385.93215
3296.376235
2043.166393
2350.400398
3914.266226
703.5960492
4546.052937
909.4828397
4192.775764
4150.56156
1598.726783
5484.179144
4258.909143
3158.749086
2170.696782
2423.433335
3970.22739
711.8867303
4625.085106
1034.141887
4206.055637
4261.46067
1716.671309
5565.146138
4373.795616
3268.004616
2291.471119
2496.664691
4026.235414
740.5144084
4701.869557
1152.895968
4222.184789
4367.274887
1829.586938
5643.373608
4483.174558
3372.627506
2412.125463
2573.454561
4085.020649
787.0629503
4780.400212
1271.998466
4241.7363
4473.722126
1943.374736
5722.998689
4592.991207
3478.189123
2562.315045
2665.012301
4152.273313
856.2303537
4871.883435
1421.375629
4260.142167
4601.209487
2081.652261
5815.441175
4724.949194
3604.866733
2465.787566
2377.063982
3854.452783
561.7718434
4582.559029
1356.910771
3975.142388
4356.903789
1875.166981
5526.473507
4491.131235
3360.177574
2400.851733
2696.530431
4223.211014
930.9089374
4901.667538
1253.782397
4396.871564
4552.438773
2004.1813
5843.083635
4663.428607
3559.191005
2643.926655
2890.693883
4387.571063
1089.439653
5097.91099
1496.612414
4492.26673
4789.487239
2248.511233
6040.958679
4904.682418
3794.776638
1911.362954
2280.103061
3860.113057
719.6497964
4466.786337
781.8462614
4183.252194
4036.977084
1478.620565
5402.427677
4140.93679
3047.353848
2322.837834
2276.448845
3779.355787
481.102986
4483.624591
1222.105964
3950.323285
4224.638706
1731.805872
5426.911973
4355.217701
3227.840506
2523.692512
2169.078204
3605.885848
370.2871667
4365.698697
1468.474778
3694.431111
4224.29739
1815.948177
5309.65768
4373.681191
3230.628103
1972.274018
729.9670775
2327.678005
1124.984883
2929.328418
1584.733804
2883.062723
2769.222759
875.0877572
3870.397615
2945.018938
1793.048549
2149.1192
627.4259168
2183.193781
1190.621926
2833.869849
1759.335062
2700.954345
2780.190735
1048.89815
3777.466149
2970.881119
1823.686489
2360.310127
645.6756484
2092.045532
1219.125459
2814.92935
1927.982156
2519.553506
2885.568049
1260.967206
3758.53158
3089.925803
1953.365939
2226.833369
731.3878698
2238.094692
1093.717642
2928.707004
1766.179445
2680.629235
2914.890333
1133.544313
3872.801617
3107.418118
1960.930758
2416.433618
735.6417838
2138.359329
1162.602256
2887.431631
1938.790589
2508.286893
2983.100127
1321.466877
3830.209197
3188.277287
2052.047894
2295.385575
824.8646797
2288.744573
1020.736783
3009.61815
1779.925538
2669.053845
3026.48085
1210.958886
3953.507167
3220.400576
2074.473721
2081.249032
855.214613
2405.351013
965.5766933
3062.322311
1583.838066
2862.480054
2958.360318
1002.067388
4005.69679
3137.165535
1985.464672
2078.54602
539.8706073
2136.337137
1293.571561
2743.828283
1763.16036
2727.686339
2647.551673
977.3013127
3685.993426
2836.236656
1688.31338
2287.376663
525.0363812
2033.064126
1306.890366
2716.047009
1921.944473
2540.959112
2749.496787
1185.710529
3660.141988
2952.660264
1815.655097
2159.539417
326.4079485
1938.987669
1506.223012
2528.257919
1939.32714
2605.956246
2476.18016
1072.232796
3470.41919
2676.503952
1538.438107
2014.334298
475.8729317
2097.511516
1402.14905
2657.817686
1777.141787
2761.211915
2515.155554
919.9958811
3597.446376
2701.582115
1552.890233
2219.053359
412.8732121
1980.905516
1404.947688
2618.572613
1925.880899
2570.405066
2610.46916
1120.982561
3562.236035
2812.27105
1674.758099
2330.678768
193.5090207
1762.055896
1630.771368
2391.324581
2123.052988
2428.107101
2452.295961
1250.85112
3335.224622
2667.862544
1550.879945
2361.909941
320.4232596
1827.351089
1525.097885
2498.131162
2088.006364
2414.426297
2583.269879
1268.751611
3442.211543
2797.680243
1676.988891
1825.436288
693.4415053
2318.147465
1270.647674
2846.877244
1553.688462
2972.759422
2594.067669
724.0770401
3782.247651
2761.27829
1609.63663
2456.960777
799.6749774
2172.928284
1126.424236
2939.045765
1949.012269
2502.945152
3051.184531
1366.106024
3881.050692
3256.884841
2120.856518
1721.642049
2650.274611
4263.699741
1249.225104
4785.047794
618.1588859
4676.974394
4178.561156
1627.521358
5706.544995
4247.087779
3215.853402
1696.71734
2464.259598
4073.938679
1064.794018
4611.180795
553.5338107
4480.394365
4048.75303
1485.080454
5536.334469
4127.831321
3076.500475
1525.623595
2812.138743
4436.772181
1573.725836
4885.732099
597.0849784
4935.437018
4154.73236
1668.942284
5791.581676
4198.231926
3222.235991
1601.743492
2731.96058
4353.556046
1425.969709
4833.997308
575.0033437
4816.381675
4157.186458
1636.70113
5747.152648
4211.900221
3210.147433
1626.934233
2570.29599
4187.355
1227.596635
4695.470216
515.4977194
4625.280055
4076.730819
1528.421984
5614.969779
4144.357723
3115.480702
1573.637471
2389.306943
4005.59319
1082.336712
4520.560714
428.1346105
4449.405399
3931.887509
1372.331597
5442.300823
4007.739628
2963.129291
1738.089245
2330.48268
3932.616602
899.4276999
4493.112441
594.1931727
4318.155225
3982.322699
1414.097263
5422.509833
4072.275201
3001.481595
2201.941395
3123.908924
4718.076055
1534.379131
5287.734781
1148.09314
5027.661402
4715.551888
2160.793861
6215.501498
4783.757616
3750.910488
2242.864689
3047.317991
4631.155923
1417.729814
5223.384951
1153.511702
4912.465931
4694.457897
2130.651313
6154.808673
4771.18204
3722.01602
2350.96855
3101.186609
4674.97195
1433.498773
5285.276382
1254.797776
4925.118402
4782.151661
2215.714179
6219.025573
4862.710658
3806.268543
2457.0741
3148.613389
4711.007736
1446.859241
5339.73464
1353.47409
4929.398096
4864.154393
2296.195511
6275.665244
4948.906172
3884.846279
2532.807657
3330.566924
4899.404358
1640.840117
5516.606486
1462.387591
5123.65397
5007.47846
2442.79999
6450.702243
5084.458697
4033.968354
2658.446259
3298.69461
4843.604621
1556.438633
5497.079575
1554.750695
5012.699717
5053.023135
2484.831744
6435.439756
5141.535461
4070.698712
2398.437157
3284.819408
4867.998941
1641.337564
5459.520606
1347.588785
5134.423594
4910.702667
2352.143972
6390.160687
4981.205039
3943.209846
3491.832298
1161.351936
1195.746518
2311.827701
2231.14613
3171.584573
1282.284122
3032.2632
2404.246776
3099.59829
3304.672703
2371.810477
3694.148815
1332.295103
883.044336
2652.655595
1961.235902
3456.555977
1066.755992
2934.838046
2628.072106
2795.47554
3218.56266
2378.916469
3684.502671
1338.912389
1100.859411
2512.844961
2175.340344
3379.912238
1078.616226
3093.513527
2601.626069
3013.305039
3372.716005
2486.376883
3839.483235
1486.801173
1052.776039
2671.986196
2148.029832
3545.114011
918.0685486
3154.208912
2760.110641
2956.956924
3437.827745
2588.174197
3602.011625
1266.151069
1164.363851
2410.283653
2223.432445
3282.48007
1170.246618
3086.263714
2515.459485
3075.450352
3362.134908
2450.826089
1205.136979
2601.373931
4224.956586
1574.070794
4623.728552
361.06711
4803.175378
3841.813182
1396.002304
5519.341474
3879.285392
2920.85339
1146.929763
2487.62035
4110.850105
1505.118859
4509.633
251.8433009
4697.86423
3739.992002
1282.235775
5406.256895
3781.875224
2813.64646
1150.540172
2362.359587
3986.551672
1390.61099
4399.665648
120.6380142
4565.935349
3664.456513
1176.052336
5300.800091
3715.091885
2726.647394
1286.031667
2301.396358
3926.468377
1232.391256
4378.766877
142.314004
4461.302516
3706.830153
1176.023499
5289.011761
3769.904095
2752.99862
1421.2941
2328.314775
3950.750868
1146.248672
4434.11811
275.1698242
4442.535691
3804.68021
1255.905592
5350.399946
3874.620535
2842.54754
1116.585177
2247.609978
3871.582068
1329.435642
4285.869665
31.98471878
4459.38455
3566.285085
1064.266539
5188.310402
3622.091468
2622.614413
1297.122353
2169.832286
3794.493027
1125.977891
4259.302835
178.1111867
4325.073359
3621.932209
1072.890061
5173.09408
3693.616084
2659.132233
1583.787281
2261.186121
3874.475082
957.5896894
4403.44452
443.3796756
4310.641164
3851.231806
1284.455772
5328.270353
3935.501399
2875.312514
1415.137938
2528.718831
4152.994459
1340.519536
4613.840197
346.0463059
4657.586452
3928.604564
1409.315375
5524.216093
3985.121406
2980.956444
1428.516139
2207.811274
3828.972093
1042.46313
4323.884166
294.3809666
4316.354745
3726.276508
1166.062874
5243.122366
3803.930364
2756.853927
1127.040524
2775.987458
4393.034488
1827.469845
4743.494914
576.5572415
5017.729004
3877.637019
1523.61232
5624.893339
3895.813943
2987.29597
1404.170667
2686.206447
4311.400879
1516.70934
4748.63097
458.3413649
4834.500894
4012.736422
1528.937698
5652.695053
4057.33508
3079.91399
1473.868921
1982.311719
3599.819503
861.3286626
4118.682611
442.5562665
4077.397253
3586.859602
1018.989499
5043.465136
3679.860143
2605.153757
1311.294275
2050.125165
3674.318836
1042.262728
4149.086054
267.4540547
4203.4896
3542.118656
981.418681
5065.701851
3621.433968
2572.154102
984.7407316
1918.483313
3537.084403
1291.292759
3927.822542
369.7737776
4184.869928
3221.450004
703.8007341
4828.326645
3287.435134
2268.524469
1133.21612
1778.155716
3401.849831
1134.13805
3831.404388
467.5226589
4016.902345
3200.433356
640.0790017
4741.631557
3282.450148
2230.136472
935.4299773
2102.333984
3719.496633
1395.12605
4095.343873
249.8122939
4367.459409
3341.96473
867.3225311
4990.332757
3395.178845
2404.209127
1194.320177
1877.753271
3502.910074
1085.558161
3951.102407
368.8624614
4083.876403
3330.590306
769.785645
4864.053575
3411.68344
2360.264261
1184.10753
1667.179846
3291.358276
1092.216329
3730.882667
576.8693948
3906.572654
3132.406755
564.4935113
4644.1736
3222.577861
2155.145207
1164.066615
1994.85718
3619.840277
1148.754898
4058.528898
250.2779809
4200.77273
3407.262785
859.7014278
4968.525831
3480.476114
2444.385385
1320.404245
1940.654288
3564.605166
985.4830991
4045.421724
358.6404418
4097.046241
3462.673478
896.1318415
4963.980151
3548.375782
2487.346288
1349.030839
1832.652079
3455.989318
928.3602323
3945.980683
462.2725591
3988.061297
3392.720146
824.7022357
4866.970191
3485.625564
2411.88517
1398.844512
1724.528605
3346.525614
868.5211025
3849.731009
575.1196475
3873.566815
3332.881612
771.6942718
4773.712708
3434.030704
2346.574092
1861.97131
1822.649994
3395.767974
421.4509957
4018.379615
883.7896168
3745.071804
3674.248046
1174.130833
4957.092212
3799.415324
2678.012801
1971.43481
1797.28634
3349.893586
303.1416363
4000.737055
1003.151751
3660.258419
3708.060686
1241.270315
4941.793026
3841.291685
2711.256637
2186.437228
1711.01831
3209.777538
117.7521526
3916.929957
1258.572297
3444.48358
3736.531707
1365.356423
4860.743089
3887.370242
2743.175678
2278.807561
1806.036592
3283.480622
20.31503013
4009.285011
1318.00927
3475.095878
3849.552272
1477.998573
4953.34553
4001.70505
2856.782794
2368.796514
1899.607681
3356.872726
111.8509444
4099.316913
1381.034869
3508.460113
3958.131062
1586.168553
5043.40075
4111.423402
2965.905376
2529.090361
2026.666415
3444.853937
283.8351283
4216.698156
1515.781163
3529.566996
4116.239552
1758.181889
5160.288817
4273.401963
3125.968775
2375.896935
2060.577809
3529.949311
243.1939297
4263.728536
1336.433053
3675.920346
4085.309078
1662.886623
5207.802035
4230.882952
3090.374394
2109.16366
1883.813966
3409.804439
201.1109087
4090.778751
1109.151036
3663.003241
3838.562322
1386.990109
5033.476228
3976.187584
2842.031555
2248.506136
1963.80951
3460.144602
165.0564342
4170.216221
1228.768171
3657.037405
3959.892406
1526.790521
5113.932552
4102.31096
2964.147467
2625.419399
455.102313
1687.411228
1613.886473
2457.98558
2306.391973
2164.231696
2714.660625
1529.431857
3397.720431
2945.165427
1854.245606
2772.863359
601.7714342
1662.804573
1642.567979
2492.991043
2413.747481
2039.329259
2836.516813
1673.912937
3426.476942
3073.325718
1996.141484
2716.963636
483.2487746
1592.301995
1707.055942
2387.553415
2411.516383
2063.316538
2707.350286
1623.990251
3324.493543
2944.666068
1871.458154
2520.822938
311.9053695
1673.768676
1649.800338
2388.187971
2257.63123
2247.251524
2580.673083
1432.377199
3331.043433
2807.670753
1711.102031
2957.311857
623.0842345
1317.369517
1986.584403
2175.65113
2699.677491
1801.108086
2669.296498
1877.023384
3101.626258
2923.856912
1911.111138
2810.216588
472.7827462
1380.093226
1920.773379
2175.588827
2577.637966
1945.8636
2572.530702
1733.847515
3110.668716
2820.612331
1785.613124
2735.34956
384.7396304
1258.852555
2091.144462
1950.157374
2619.290527
2038.443745
2298.846034
1696.338951
2891.793632
2549.865858
1537.071776
2655.142515
354.7325699
1525.813189
1785.057343
2273.61006
2412.607607
2104.549806
2560.292736
1573.579404
3213.98919
2797.923696
1729.065067
1892.88314
1702.04406
3268.209025
375.2415979
3901.997188
971.0495918
3616.236166
3594.493329
1131.391085
4842.013598
3727.358815
2597.686295
1953.329394
1419.778104
2974.223326
463.2578222
3625.034338
1171.469302
3337.229731
3392.687968
1046.184871
4566.941008
3541.878354
2398.531725
2064.236808
1615.768839
3143.794471
253.8536437
3822.947265
1176.922011
3435.510768
3606.917359
1225.857797
4765.937075
3754.471305
2612.347577
2120.842242
1448.888257
2959.638208
372.6032267
3655.103693
1310.55704
3251.666299
3495.503522
1204.271604
4598.838262
3653.992972
2505.634072
2396.039578
959.7238696
2364.295991
935.1765882
3123.104337
1811.576959
2659.747396
3179.594132
1326.606633
4065.933303
3375.344098
2230.206889
2782.321922
1868.975866
3162.76333
552.5651821
4003.390168
1853.411513
3143.787947
4066.327408
1890.350442
4941.628988
4247.806414
3096.087729
2869.331392
1807.874293
3046.524055
682.851862
3910.791113
1975.583481
2991.846674
4034.742653
1939.492754
4845.615709
4224.91641
3075.519121
2817.626276
1657.367723
2894.622891
710.4730663
3755.316634
1972.170798
2873.23579
3893.134975
1854.035149
4690.264572
4087.107556
2939.598889
2675.842158
1994.378213
3354.419219
408.4975693
4162.319138
1690.29438
3378.568102
4139.148981
1853.72301
5103.959167
4307.442846
3156.222551
2340.15319
1156.746337
2586.950631
712.6966558
3337.513104
1662.97672
2848.926113
3334.588582
1311.844612
4281.005779
3519.110977
2368.392763
2175.700791
1106.933726
2604.934522
713.5324071
3308.493965
1530.439169
2945.863882
3228.331527
1146.192271
4252.563635
3404.166527
2252.112725
2472.501975
1062.439849
2425.265653
884.0149003
3208.99458
1841.778387
2659.780747
3291.870022
1415.44235
4150.582712
3488.777413
2344.141897
2213.129867
1552.93329
3037.910374
266.1554884
3755.952949
1353.905131
3278.669977
3620.032326
1322.26435
4700.00935
3779.793659
2630.972523
2333.07264
1659.157498
3110.212954
203.5534415
3855.18715
1433.561584
3291.469752
3753.14299
1460.97799
4799.1895
3915.684139
2765.895087
2461.130145
1754.057614
3167.271561
243.8937305
3939.289987
1534.629911
3289.048379
3875.76117
1598.614212
4882.656474
4042.023306
2891.185352
2564.144695
1850.353859
3234.925997
312.1274147
4026.225003
1613.377959
3309.093147
3987.847897
1714.718662
4968.769983
4156.084567
3004.832917
2918.260587
1606.520716
2773.033028
868.0643107
3659.532605
2109.860716
2712.412243
3865.012122
1924.061304
4589.798658
4068.056662
2926.717505
2323.117127
1396.739454
2838.548825
463.481779
3586.530805
1535.56438
3057.98973
3533.13064
1361.637812
4530.333565
3706.698742
2554.663845
2447.850701
1523.391289
2922.26799
422.7510631
3699.521366
1611.933654
3072.086797
3681.753831
1507.945354
4642.393033
3857.794283
2705.720154
2583.042354
1642.037776
2994.174018
453.7257779
3800.254522
1711.97318
3074.612585
3822.282914
1657.53386
4741.459606
4001.6484
2849.736162
2665.913072
1728.562177
3054.356357
487.4255401
3876.076716
1771.736021
3092.626393
3917.992439
1752.322456
4816.068549
4098.674147
2946.886597
2217.396152
1290.854042
2770.107332
534.6272393
3490.170932
1479.167112
3051.725931
3403.583632
1235.55897
4434.26799
3574.821212
2422.94222
2448.770371
1282.441179
2665.785622
654.1519509
3446.375121
1717.027836
2855.531532
3477.705191
1440.371622
4388.670272
3664.185894
2513.943083
2584.600615
1434.658494
2763.115349
627.7421578
3576.178577
1797.891074
2869.20829
3646.534582
1598.174596
4516.331065
3835.35535
2685.787104
2650.981841
1563.939423
2874.3533
587.4093024
3699.726297
1818.772716
2934.563727
3774.576525
1689.929263
4638.974193
3961.943975
2811.742148
2696.326793
1628.194385
2924.855237
589.2919426
3758.453677
1844.529785
2958.731997
3840.860642
1746.064295
4696.953245
4028.233631
2877.983305
2756.841062
1682.364018
2956.71401
621.9631815
3802.015727
1892.563282
2959.57597
3901.714034
1811.480635
4739.218616
4090.51305
2940.70566
2577.230795
1200.533312
2510.985632
836.0281126
3324.399427
1891.270548
2667.231687
3439.557718
1537.277413
4263.860187
3637.868214
2493.859179
2692.039179
1348.286477
2607.126655
813.1052221
3448.365963
1954.573392
2683.852485
3594.880458
1670.351043
4385.090989
3794.549653
2651.169445
2698.763259
698.2917848
1869.375207
1440.577637
2693.51519
2265.812708
2180.662914
2969.725113
1597.332959
3629.137423
3196.526175
2093.636753
2627.462385
849.8840257
2100.199261
1215.964334
2916.832117
2108.309647
2353.510432
3123.641652
1535.009217
3854.483897
3339.333067
2215.491298
2795.354688
1008.070296
2136.503975
1240.947871
3003.487797
2227.803767
2271.281151
3284.313413
1708.808175
3934.559531
3505.541542
2389.195894
2551.093393
720.1503889
2027.623039
1273.109686
2813.862996
2086.07564
2361.498876
2992.482505
1452.597114
3754.007963
3207.610751
2083.944771
2510.527875
882.2316668
2219.116732
1085.091953
3005.674277
1965.639135
2498.675663
3137.940641
1425.902205
3946.482619
3344.28632
2208.515954
2593.298473
1006.077833
2291.950617
1034.575488
3106.252113
1997.120395
2497.965697
3266.51179
1519.458257
4044.913701
3473.7505
2338.340485
2691.441774
987.7600631
2200.18473
1146.284844
3039.770086
2115.722013
2377.560763
3261.080571
1609.147382
3975.170685
3475.816092
2349.683836
2349.06846
896.4551373
2328.14881
972.7481711
3070.039507
1795.657407
2662.590073
3108.821518
1272.361994
4013.457919
3303.77213
2158.290535
2847.235657
1151.690336
2265.666229
1165.158372
3147.297605
2222.214766
2330.297106
3427.891421
1773.981053
4076.455821
3646.635804
2525.311561
2687.865563
3438.325357
4994.345929
1715.828283
5631.280425
1613.198272
5180.91894
5148.243763
2581.470274
6567.588558
5228.650713
4171.632091
1507.751254
1481.187479
3100.144586
810.7767327
3626.909623
819.6246577
3626.572564
3186.663062
679.3202242
4556.121505
3305.309724
2192.37841
1651.687641
1547.640261
3151.676731
642.5780529
3721.974534
857.1238917
3610.491197
3336.406752
848.9365109
4656.337168
3461.257206
2340.409711
1441.526727
1615.88148
3236.808021
835.4498699
3749.746459
682.7018007
3764.133924
3265.2685
720.1166451
4676.022909
3373.993935
2274.899326
1648.80475
1385.26809
2993.587835
724.0068592
3557.338221
964.8922486
3483.866841
3190.721445
751.2322424
4491.798205
3322.210974
2193.990618
1732.847219
1748.950747
3340.937307
536.6382579
3932.727185
800.5609994
3743.86205
3548.907496
1035.609031
4868.605551
3669.612175
2553.630951
1785.596971
1637.286823
3221.717681
488.9125975
3828.629597
908.0766573
3617.260823
3486.72966
1011.501622
4766.4915
3615.912526
2490.092404
1592.364537
1678.786441
3287.53098
675.7163929
3843.024629
728.777543
3749.830385
3412.703818
884.1850094
4774.889644
3527.987478
2419.222403
1545.555282
1780.542609
3392.889673
727.295176
3935.435447
627.3744602
3860.661389
3469.191917
919.0195482
4864.989045
3576.785241
2478.889982
1655.292739
1940.612949
3543.031344
671.842669
4109.345936
629.5068151
3959.688021
3656.971887
1103.352911
5041.314485
3763.378008
2666.850139
1640.734533
2045.728798
3650.853306
745.0587331
4208.487197
567.2898925
4068.41937
3728.158193
1165.160414
5138.777344
3828.128675
2741.383913
1690.078084
1846.834822
3444.631073
600.1925898
4023.079047
709.6570675
3854.786937
3603.320085
1065.603376
4957.005931
3716.619028
2610.285946
1507.377442
1877.80343
3492.921389
787.5747984
4023.735565
534.8782165
3965.588662
3524.984494
962.6180061
4951.014558
3625.434618
2538.489526
2551.839566
443.6717812
1760.083283
1545.236155
2510.496214
2224.012175
2244.752735
2717.503503
1454.028421
3451.963796
2942.46288
1839.208257
2629.029229
554.0245027
1787.220456
1512.125036
2575.727636
2257.107646
2195.520467
2824.639324
1528.300602
3514.549395
3051.650313
1951.121912
2496.806659
592.8340337
1948.788211
1352.254513
2706.184211
2089.514301
2359.036876
2864.984628
1395.263855
3647.987623
3080.701378
1959.038128
2428.244976
458.9779696
1885.425797
1431.846755
2603.367434
2084.090921
2381.775638
2728.210617
1327.937366
3546.711952
2943.335005
1822.116439
2441.724493
162.7204331
1642.943354
1725.519638
2297.777992
2245.912955
2314.052422
2434.777204
1367.889116
3241.842639
2659.880392
1561.980583
3067.679278
1364.788155
2347.42212
1254.711872
3278.644771
2394.55688
2263.546013
3639.128703
2003.677898
4196.986827
3863.713158
2750.610908
3217.800868
1383.979551
2223.842335
1451.086872
3189.264534
2578.198521
2072.779403
3641.212759
2140.264139
4096.319781
3875.635169
2782.230053
3346.230403
1404.635001
2102.683717
1630.407007
3096.43056
2740.697143
1893.83432
3631.012772
2258.738756
3991.564366
3873.919813
2802.064082
3068.458894
1439.813148
2448.258984
1190.830829
3376.907952
2361.566012
2346.821817
3715.971713
2016.899281
4296.393931
3937.073113
2817.719127
2997.488705
1199.945683
2190.651477
1311.55547
3108.945868
2384.078694
2183.95945
3471.336076
1917.442909
4029.87352
3698.590556
2591.612816
2693.448666
1151.039669
2382.482279
993.9583942
3225.369866
2042.955308
2505.848489
3415.377299
1633.675379
4161.098149
3623.544763
2488.49965
2803.285561
1304.323084
2483.629857
974.6863492
3352.961522
2101.511208
2523.693375
3571.607954
1759.273768
4285.203222
3780.664805
2645.972008
2937.752913
1485.172786
2609.242896
984.4139702
3505.593077
2182.857999
2556.666837
3754.942574
1912.692725
4433.342797
3964.956015
2830.652022
2767.541381
1136.184268
2311.261731
1087.277264
3172.867414
2135.047659
2410.640214
3409.160187
1698.966921
4105.631013
3623.027446
2494.869434
2892.817072
1277.733938
2384.093949
1104.978895
3275.742383
2219.353417
2394.182911
3553.093964
1834.154359
4203.524843
3769.456911
2643.935153
3002.900486
1437.150293
2498.981081
1106.512335
3412.440593
2282.076181
2426.573609
3712.851126
1959.310213
4335.971162
3929.539361
2803.682968
3177.456585
1281.841947
2114.434898
1489.489324
3074.066226
2576.286219
2013.374618
3532.061785
2091.370483
3982.59592
3768.574533
2681.098001
5054.276685
2698.327974
1406.64795
3966.210322
2260.898082
4844.221481
548.0346231
3765.951682
4007.337787
2713.54007
4062.691062
3496.604422
3811.708725
1490.79188
1277.051013
2516.816294
2365.361066
3450.259536
997.9412274
3303.237324
2719.441916
3185.191744
3581.788693
2683.343677
4091.609623
1751.358018
1240.297676
2809.390529
2344.344341
3749.12181
698.2500653
3424.468429
3004.124451
3108.560648
3710.148357
2872.010505
4254.89489
1904.963086
1226.645423
2993.788671
2323.670214
3929.735798
516.4592857
3485.601965
3171.723833
3048.902231
3774.838412
2976.855514
4156.444981
1794.679223
980.8665662
3027.268488
2077.823613
3896.044033
608.4671276
3260.459288
3088.082288
2812.029069
3551.495113
2787.776895
4364.43325
2002.557245
1081.221846
3207.402731
2153.303358
4097.547502
407.7102167
3411.899156
3295.827281
2836.017073
3705.065512
2973.404636
4481.220045
2118.842836
1101.492495
3341.306041
2146.474839
4227.291568
331.677711
3458.568857
3417.010735
2793.350098
3753.180009
3053.117969
4590.512682
2229.275672
1250.471855
3387.972817
2288.713348
4307.400972
184.8312404
3607.75673
3519.087787
2917.498409
3902.258923
3193.953808
4664.773352
2302.49172
1212.460519
3514.559568
2215.853949
4411.352382
235.275719
3585.876766
3601.907701
2810.977127
3881.612478
3212.407672
4580.954804
2221.704184
1059.36821
3505.543822
2055.987756
4363.821432
393.3056828
3435.806192
3528.652389
2658.865135
3731.893145
3083.437372
4825.834594
2463.627544
1381.282758
3625.166176
2364.196931
4550.587595
165.2788219
3757.281756
3757.839627
2925.699133
4053.265496
3388.373867
4927.706263
2565.717819
1400.230548
3763.505151
2339.060533
4674.420445
308.9229454
3777.777675
3866.446834
2859.16778
4074.384447
3445.718862
4999.383168
2638.281126
1564.625285
3748.528385
2528.065753
4702.065827
256.5355455
3942.045093
3926.582979
3056.304709
4238.234701
3577.267107
4901.07929
2544.753569
1277.230864
3823.593858
2173.024335
4692.469001
464.3962719
3646.653349
3853.703848
2672.026411
3943.472298
3355.849144
5100.307066
2738.261697
1548.30609
3917.488312
2450.965118
4841.57493
430.28308
3922.106418
4038.402442
2926.270941
4218.896072
3609.373709
3615.846964
1319.862297
1355.771698
2303.633173
2414.980293
3235.290874
1214.576347
3241.009105
2519.915541
3267.35699
3512.827275
2569.827327
4499.492033
2141.717641
1265.184801
3261.624632
2329.077425
4194.943772
255.7920561
3598.226879
3422.277334
2989.674277
3891.232657
3149.760811
4453.900669
2116.924809
1448.67095
3098.018173
2536.068989
4085.46711
411.7078918
3727.986115
3363.79531
3229.16236
4017.603454
3217.323834
3902.740159
1618.927256
1475.107366
2489.026242
2567.760554
3483.483768
1006.608152
3499.121251
2804.061195
3378.584191
3775.714558
2857.319742
4009.808856
1711.092343
1449.592662
2608.834473
2549.880873
3601.71787
887.7224185
3536.891959
2912.560276
3340.756817
3816.701864
2921.495247
4113.447913
1802.85498
1434.241426
2724.042107
2538.015416
3715.510817
773.8732122
3576.695371
3017.727404
3308.169727
3859.282613
2986.504764
4220.554288
1899.80659
1427.944538
2842.499286
2531.133514
3832.555281
657.4960271
3620.867726
3126.530658
3278.456189
3906.00144
3056.326843
4335.505563
2005.877259
1432.295281
2968.823291
2530.119713
3957.501407
534.6800492
3671.788386
3243.388035
3251.447299
3959.305447
3134.170991
4375.091988
2021.202077
1245.58693
3121.617442
2330.024493
4058.206132
388.3141288
3544.486714
3294.375727
3025.088601
3835.669289
3063.955118
4697.852594
2348.918525
1506.698589
3368.249398
2557.473273
4350.62475
177.5057485
3845.894085
3612.606106
3186.942212
4138.968454
3391.185939
4837.19747
2481.378126
1530.85957
3539.663573
2547.554629
4510.85798
104.9604116
3894.39096
3756.859536
3133.417649
4189.169129
3479.112977
4456.485755
2123.486556
759.0630237
3559.569417
1708.230661
4326.813658
744.5231116
3131.836147
3435.343679
2314.371715
3428.603711
2846.124158
4578.030676
2234.991404
1478.684265
3232.237383
2550.348656
4218.737925
290.6975208
3791.197633
3490.026576
3212.506099
4082.654665
3307.741858
4190.474669
1836.703689
734.0986351
3215.323756
1808.59772
4010.592953
709.1511992
3081.09424
3147.781291
2517.331845
3375.607211
2689.183298
839.3912377
2472.26005
4079.304667
1728.154179
4402.0121
430.2034062
4758.915261
3531.084605
1193.352695
5278.999497
3554.154355
2637.500477
700.2193022
2461.571534
4056.177085
1825.468824
4344.518473
544.0128458
4776.002961
3430.292232
1162.655379
5211.83773
3445.1783
2553.18378
920.2234572
2804.355232
4403.833481
2025.039088
4691.085516
729.1693992
5100.620685
3739.276281
1511.002929
5553.771928
3739.553512
2884.139409
780.7252982
2818.718885
4399.895212
2160.948758
4641.738469
859.8106355
5146.595378
3631.251105
1510.109565
5489.844089
3618.914582
2804.071478
2158.508822
969.8777979
2481.91214
848.999221
3172.807808
1585.269356
2868.837264
3100.094882
1099.195689
4116.816154
3279.903764
2128.286779
1449.163074
1271.868372
2896.989638
1004.472452
3386.057478
976.361256
3501.409262
2932.65479
474.4582448
4311.508839
3055.572456
1937.482124
1551.162553
1312.917463
2932.791528
865.6042834
3461.260436
969.9727955
3480.485807
3055.728401
612.1751429
4391.866241
3183.831927
2059.384613
1583.748651
1070.107078
2694.695122
1050.599889
3203.070512
1180.44153
3305.791176
2821.980996
523.7022083
4132.962358
2960.863474
1825.305547
1693.04738
1099.204446
2714.324835
916.329711
3267.847842
1192.325388
3262.483768
2944.572198
658.6551755
4202.853941
3089.714801
1948.944877
1718.970105
849.8103948
2474.473207
1169.895195
2994.033526
1398.471609
3109.960947
2684.359073
621.0588619
3927.141537
2839.497366
1692.072887
1773.696679
907.7599429
2524.707108
1050.813764
3079.726239
1367.84128
3104.451792
2804.206787
690.137221
4016.104702
2961.163626
1812.968423
1786.146766
1184.349239
2781.416489
765.2938249
3374.027963
1183.216698
3263.504492
3091.813227
790.2124097
4312.40844
3239.852184
2097.080154
1756.484212
1421.628448
3014.061118
606.164832
3610.501471
1012.223087
3454.221376
3288.366098
870.7250655
4548.204423
3425.137912
2291.650654
1879.485836
1250.375482
2826.308616
647.0658911
3451.221238
1206.62356
3253.135554
3207.316038
908.4745336
4391.918764
3358.748729
2213.86315
2015.189624
1089.998427
2641.021948
741.9466161
3297.0373
1402.789528
3052.406706
3137.564458
986.9166046
4239.922978
3303.749446
2152.610253
1928.461974
1013.927466
2593.214715
846.8085598
3216.459926
1382.574762
3063.650394
3019.689115
879.4133746
4157.817993
3183.08229
2032.607327
1483.290194
2890.962794
4516.209939
1699.291519
4940.931854
653.8643183
5040.767578
4167.615143
1715.694177
5840.573965
4201.914596
3248.132526
1348.913012
2940.401514
4562.924554
1860.059176
4942.320511
702.4421479
5141.275722
4100.779833
1715.786084
5830.072625
4121.057585
3204.073311
1544.277564
2994.327511
4619.573246
1784.799257
5041.5748
756.3782034
5140.683345
4255.240953
1815.295077
5939.818198
4285.500804
3341.027134
1291.56334
2818.472926
4441.466142
1752.830526
4828.289908
579.3505035
5018.834213
4008.176641
1600.599246
5719.02114
4034.60408
3102.473761
1853.551192
953.4214652
2553.989036
946.4526391
3145.465648
1374.04631
3077.954952
2912.889171
786.2068211
4084.812435
3073.551386
1923.907288
965.2003485
2570.626839
4184.072232
1725.909835
4525.722809
429.7337691
4833.998405
3668.973879
1307.958006
5406.811822
3692.753383
2772.0215
947.3276421
2464.247424
4079.069143
1637.653126
4430.249178
336.4663176
4725.788509
3598.055878
1208.057838
5315.045227
3628.695982
2690.757463
3529.419133
1327.906066
1633.897018
2065.043054
2672.784938
3065.436391
1429.786448
3394.953374
2427.783321
3541.174692
3657.346871
2660.10342
3181.785866
940.3331087
1501.677454
1915.840396
2460.497323
2795.653025
1650.648499
3044.226787
2082.973199
3365.085496
3299.762407
2280.487952
3302.051655
1130.338331
1661.793876
1877.272807
2653.886132
2844.315169
1627.901945
3264.063451
2200.379015
3547.362829
3518.696178
2491.109006
3226.501573
955.8133251
1427.173449
1993.43501
2396.517537
2860.576059
1586.072547
3017.007411
2129.994326
3296.8846
3276.052665
2272.388022
3428.888022
1168.865545
1457.784527
2098.882004
2479.133327
3028.037286
1423.699243
3192.957938
2329.98854
3357.244123
3457.060649
2472.651446
3122.199995
881.1462455
1506.081342
1882.964054
2447.122401
2744.574942
1701.77756
2999.914331
2023.82387
3357.15483
3253.476684
2227.398159
3141.505397
972.8615217
1651.907368
1784.996922
2603.515498
2706.294092
1748.275738
3138.659264
2039.963652
3511.670847
3388.420857
2345.329385
3099.1886
1024.847287
1812.396839
1644.968926
2755.400554
2611.123792
1865.236037
3239.244879
1998.700852
3667.358117
3482.614608
2417.193078
3336.569819
1283.734036
1903.403422
1745.65616
2900.093008
2795.73305
1752.328745
3474.546926
2239.167912
3792.947848
3723.206492
2670.784613
3219.724402
921.6084583
1350.383169
2045.749989
2314.495198
2883.175609
1568.981069
2946.165902
2127.094747
3215.870184
3207.206742
2214.643693
1778.585183
2094.308818
3685.309612
657.6871839
4273.930779
689.3260573
4053.643509
3836.972933
1281.963193
5208.081159
3942.927883
2846.722752
1924.458118
2003.625456
3570.830008
459.5423477
4200.500171
872.1142525
3888.505947
3843.322833
1321.258145
5139.334129
3963.248068
2848.00423
2063.007431
2106.501712
3653.233009
434.8270799
4309.730798
984.7481168
3918.646234
3985.44055
1471.50734
5250.542978
4108.664619
2989.37588
2193.143979
2189.340133
3714.654457
438.5633159
4395.825439
1102.078675
3932.300849
4105.041701
1601.809413
5338.110034
4232.075177
3108.449694
915.3179879
2346.250052
3961.042267
1563.417981
4316.636453
271.7486867
4611.9664
3504.260725
1092.292883
5203.876989
3541.143123
2588.353226
923.6418939
2222.607114
3838.958387
1470.293109
4206.146398
223.7258148
4486.512358
3424.920665
978.7985745
5097.687996
3470.301762
2497.232526
1120.624396
2127.427013
3751.740313
1249.873972
4174.379657
117.1149275
4340.025828
3482.111559
959.1874013
5079.780473
3545.323249
2529.982476
1721.284205
2158.834427
3757.999469
758.1769077
4328.300667
609.7923651
4146.067703
3853.649746
1289.508379
5259.826963
3952.452765
2867.25643
1447.078023
2091.228479
3710.732056
945.9505431
4217.683865
358.6016039
4193.235323
3653.110934
1086.159017
5139.80263
3738.564165
2677.057527
1600.653863
2147.458273
3757.596592
851.5344945
4299.151307
488.6749318
4187.268158
3780.466166
1212.422801
5226.573813
3872.344592
2798.880872
2885.132927
3421.335009
4938.462093
1639.279154
5626.42939
1771.356504
5043.06944
5235.331741
2669.803341
6567.653824
5331.543335
4248.043883
4913.423053
2618.149205
1082.737486
4105.43632
1721.579119
4843.822544
1039.113097
3315.634453
3922.165459
2106.099969
3609.760399
3180.354032
4917.299293
2607.107906
1106.396392
4062.427595
1799.906694
4823.919814
942.0963003
3376.078543
3915.180764
2204.629141
3671.05448
3213.723413
4904.404972
2566.19363
1168.054395
3940.991571
1976.159677
4754.986325
706.2219382
3503.072526
3878.652501
2431.807827
3799.455689
3275.729539
5204.48062
2857.394053
1482.607882
4168.549296
2248.121453
5025.381245
763.0160898
3805.989362
4169.30048
2628.109604
4101.92208
3590.858504
5389.133818
3034.229201
1701.286027
4283.018508
2471.095884
5177.540003
809.633019
4031.502427
4343.506838
2825.780283
4327.501392
3805.822622
5048.807787
2754.955496
1213.806789
4235.11531
1801.321455
4980.111238
1100.270031
3417.583489
4058.887047
2128.637975
3710.564525
3304.74163
5063.924715
2755.499763
1244.979593
4203.737613
1883.285396
4971.90893
1012.563843
3485.276079
4063.394981
2228.919659
3779.200038
3347.419926
5464.689491
3126.187886
1694.169065
4456.54142
2355.14182
5306.061158
1032.277424
3963.499972
4438.676971
2633.637115
4257.524522
3804.905238
2802.652148
3482.506309
5023.915801
1732.496122
5681.450352
1715.591631
5174.77795
5231.393636
2663.215406
6619.927735
5317.045228
4250.726164
5705.141154
3366.967705
1924.771381
4682.991831
2535.318407
5544.19348
1228.464578
4166.070842
4679.45332
2746.487619
4458.683721
4033.237646
3816.618118
1483.967088
460.5939129
3001.608846
1560.260699
3700.623064
1107.484132
2699.739647
2794.95127
2367.539352
2992.105968
2279.541869
4005.515718
1648.352667
707.0438574
3029.521031
1808.945485
3817.13286
831.0517789
2988.294249
2958.129593
2570.505342
3280.425335
2547.329233
2761.453621
789.1069166
1908.162734
1420.345753
2756.318751
2295.373989
2156.501274
3058.876552
1661.286654
3689.015887
3286.748931
2185.008215
2875.456788
826.3704809
1823.048644
1529.503018
2702.68118
2420.298459
2032.106892
3075.939946
1774.231854
3629.642641
3311.006994
2225.432404
2839.720508
739.7163549
1752.900381
1576.679327
2616.521699
2421.997778
2024.432269
2982.869067
1738.106161
3545.778236
3218.999339
2137.51148
2987.196305
802.781231
1622.915853
1734.27789
2527.098327
2590.244566
1855.959101
2990.35413
1886.699229
3447.493381
3235.915614
2181.61923
3041.596668
910.2855468
1712.197246
1688.405023
2637.280993
2599.396055
1854.272797
3112.177092
1939.922553
3553.42539
3356.732504
2296.977825
2929.914263
696.4254162
1544.929218
1779.832258
2422.819295
2578.854866
1873.638746
2868.507851
1832.961059
3347.833416
3114.698255
2065.061112
3072.219251
720.157774
1191.370726
2118.948395
2082.45076
2834.594251
1682.737727
2661.208426
1998.610999
3000.734854
2922.967215
1943.4568
3113.607574
784.020017
1272.50381
2061.718836
2193.028052
2829.851159
1649.53434
2782.17435
2029.504606
3105.892243
3042.523374
2051.803001
3177.104423
873.5167438
1341.063188
2032.712283
2290.742611
2852.04787
1604.619701
2901.96386
2085.914038
3196.555924
3162.058559
2166.371551
3074.906855
789.0522051
1409.887801
1937.738592
2328.91661
2744.587861
1711.845871
2874.002494
1981.946088
3243.772771
3129.047991
2112.123401
3177.81163
900.2105541
1413.757288
1978.529153
2367.761222
2825.062003
1623.745645
2965.983865
2082.572127
3273.031499
3223.978495
2217.04078
1236.154528
1555.888882
3180.326533
1068.335722
3628.115832
687.738157
3798.585419
3060.998023
496.2531533
4544.061762
3159.138076
2077.862457
1309.517717
1415.175587
3039.846289
1058.101224
3497.689648
828.3198746
3663.601284
2971.482517
432.9823144
4416.817278
3079.864837
1982.186751
3779.504964
1510.444858
1492.996227
2363.33577
2572.742677
3353.417858
1131.402989
3443.045163
2679.900749
3403.954485
3716.01365
2774.846915
3673.402644
1433.311428
1560.581468
2229.777325
2624.558305
3227.824388
1264.988216
3429.889439
2572.426578
3472.954626
3698.332716
2730.903047
3245.232616
1526.325673
1025.505102
3341.502244
740.9811678
3551.092059
2441.067692
1352.636505
2487.309065
1654.692186
1649.053935
1251.051534
3368.802738
1382.348641
643.4687665
3187.319117
843.2815691
3544.135128
2043.111834
1746.471179
2508.096243
1784.440062
2041.678616
1500.552252
4014.951234
3056.137749
2488.669903
4797.00519
1433.006061
4683.443957
3875.693222
1155.350196
3636.682434
1337.177714
1248.132524
2048.213313
3736.59523
1486.818252
152.1133834
3147.986627
1206.950203
3730.307843
1407.675443
2381.866082
2766.217069
2044.414496
2676.899647
2051.363235
4190.474669
1836.703689
734.0986351
3215.323756
1808.59772
4010.592953
709.1511992
3081.09424
3147.781291
2517.331845
3375.607211
2689.183298
4419.94399
2069.424752
841.4089839
3438.177761
1850.382569
4245.549422
598.5084434
3218.132794
3381.166063
2486.377558
3514.289024
2878.650583
